5.7 -8.6 0.42585904995468643 9.81409002641652 1.209992827518062 25 1203.0 140.0 13.51 6.9 -0.03
5.7 -8.6 0.42486961285141495 15.200503714166345 3.9296963766134505 25 1224.0 420.0 13.39 6.81 -0.04
5.7 -8.6 0.42320235172775805 20.682788537678004 6.671605446344712 25 1252.0 824.0 13.35 6.7 -0.01
5.7 -8.6 0.4251231710102896 31.35100757895913 11.977820889900114 25 1443.0 285.0 13.28 6.71 -0.05
5.7 -8.6 0.4592284719136098 10.729259044916144 1.1655908918115556 25 1200.0 195.0 13.45 6.83 -0.04
5.7 -8.6 0.4548552791264391 16.063377791436555 3.8852952045072096 25 1205.0 473.0 13.37 6.75 0.0
5.7 -8.6 0.45390565792587806 21.502083491031154 6.649406619333906 25 1215.0 876.0 13.33 6.72 -0.11
5.7 -8.6 0.45784767071274296 32.24003011362376 12.088833734135754 25 1430.0 342.0 13.27 6.69 0.0
5.7 -8.6 0.4219316999104359 9.970976781648446 0.3219292920005848 25 1182.0 239.0 13.43 6.74 -0.02
5.7 -8.6 0.41961534420517466 15.2963797730963 2.986128761519708 25 1201.0 505.0 13.36 6.69 0.01
5.7 -8.6 0.41469831863907375 20.743801405820577 5.716936878196607 25 1230.0 909.0 13.37 6.71 0.0
5.7 -8.6 0.4113766709950307 31.542759339367194 11.156362418856952 25 1411.0 355.0 13.44 6.78 -0.08
5.7 -8.6 0.4610505859043936 9.099388923870434 0.5661458496409654 25 1206.0 261.0 13.3 6.78 0.0
5.7 -8.6 0.4665728370335436 17.20515774432883 4.662353550933053 25 1218.0 651.0 13.35 6.72 0.05
5.7 -8.6 0.45940287510422245 22.539272229387105 7.326558310994008 25 1227.0 910.0 13.36 6.68 -0.01
