10.74 -11.45 0.4825590411808827 10.302176992648823 -1.9981354899361565 25.0 1279.0 84.0 13.36 6.7 -0.1 
10.74 -11.45 0.48339636723068735 15.775747800092905 0.7437684293573191 25.0 1296.0 342.0 13.32 6.7 -0.07 
10.74 -11.45 0.48297412792709826 21.118576811414567 3.4079702004596757 25.0 1324.0 733.0 13.36 6.75 -0.1 
10.74 -11.45 0.46764214436081447 12.271966618467294 -0.8325498995773842 25.0 1293.0 118.0 13.32 6.64 -0.09 
10.74 -11.45 0.46729774872330215 14.965172720463773 0.5106503474009572 25.0 1305.0 385.0 13.34 6.68 -0.1 
10.74 -11.45 0.4681684533741813 22.975058614438648 4.540256365283741 25.0 1320.0 776.0 13.34 6.72 -0.1 
10.74 -11.45 0.4613827029850821 12.812351151762249 -0.754843503971193 25.0 1293.0 154.0 13.41 6.59 -0.11 
10.74 -11.45 0.46135254303482576 15.505557244921336 0.5772561135441671 25.0 1303.0 421.0 13.37 6.59 -0.06 
10.74 -11.45 0.4647436896946766 23.567738379024842 4.551358873948973 25.0 1315.0 818.0 13.42 6.72 -0.19 
10.74 -11.45 -2.6485919833143776 3.686824497088367 -6.538368999964702 25.0 619.0 180.0 -13.47 -6.69 -0.06 
