3.8 3.4 0.7037290493634086 9.588009397364392 3.230336585977469 25 885.0 242.0 11.38 10.04 -0.08
3.8 3.4 0.7023703018811085 11.845546948662758 5.228482456364372 25 754.0 259.0 11.32 9.99 -0.06
3.8 3.4 0.7023703018811085 11.845546948662758 5.228482456364372 25 652.0 258.0 11.32 9.99 -0.06
3.8 3.4 0.7009295384075982 16.439065952710756 9.291381157412395 25 781.0 540.0 11.22 9.91 -0.12
3.8 3.4 0.7009295384075982 16.439065952710756 9.291381157412395 25 913.0 521.0 11.22 9.91 -0.12
3.8 3.4 0.7009295384075982 16.439065952710756 9.291381157412395 25 679.0 538.0 11.22 9.91 -0.12
3.8 3.4 -2.467506396766526 3.7393252229930987 -1.1766830561539934 25 1122.0 151.0 -11.85 -10.27 -0.02
3.8 3.4 -2.467506396766526 3.7393252229930987 -1.1766830561539934 25 1226.0 152.0 -11.85 -10.27 -0.02
3.8 3.4 -2.4674415469130104 1.2725912122198806 -3.352439004815322 25 987.0 161.0 -11.97 -10.41 -0.04
3.8 3.4 -2.4688858866652077 -3.495269509824061 -7.559638454846078 25 1236.0 425.0 -12.07 -10.53 -0.16
3.8 3.4 -2.4688858866652077 -3.495269509824061 -7.559638454846078 25 998.0 430.0 -12.07 -10.53 -0.16
3.8 3.4 -2.4688858866652077 -3.495269509824061 -7.559638454846078 25 1133.0 420.0 -12.07 -10.53 -0.16
3.8 3.4 0.6965512792256217 11.095943582827552 2.96391987697918 25 596.0 39.0 11.14 10.0 -0.11
3.8 3.4 0.6965512792256217 11.095943582827552 2.96391987697918 25 699.0 39.0 11.14 10.0 -0.11
3.8 3.4 0.6965512792256217 11.095943582827552 2.96391987697918 25 828.0 28.0 11.14 10.0 -0.11
3.8 3.4 0.6924040476467945 15.619733881929003 7.004616849989985 25 723.0 308.0 11.09 9.96 -0.07
3.8 3.4 0.6924040476467945 15.619733881929003 7.004616849989985 25 850.0 295.0 11.09 9.96 -0.07
3.8 3.4 0.6911817948010304 17.833687436845732 8.980563058113544 25 624.0 307.0 11.1 9.94 -0.07
3.8 3.4 -2.4563104987104962 6.240925566622504 -0.8991618053099986 25 1266.0 126.0 -11.82 -10.5 -0.14
3.8 3.4 -2.4563104987104962 6.240925566622504 -0.8991618053099986 25 1038.0 129.0 -11.82 -10.5 -0.14
3.8 3.4 -2.4552693247755593 3.8962213241225516 -2.997213175078162 25 1169.0 123.0 -11.9 -10.56 -0.12
3.8 3.4 -2.456046092506272 -0.819340050237652 -7.204414741913019 25 1273.0 392.0 -11.89 -10.59 -0.08
3.8 3.4 -2.456046092506272 -0.819340050237652 -7.204414741913019 25 1045.0 392.0 -11.89 -10.59 -0.08
3.8 3.4 -2.456046092506272 -0.819340050237652 -7.204414741913019 25 1174.0 386.0 -11.89 -10.59 -0.08
3.8 3.4 0.6981890956547597 11.671223103212553 3.0083235946767126 25 616.0 261.0 11.41 10.22 -0.13
3.8 3.4 0.6981890956547597 11.671223103212553 3.0083235946767126 25 845.0 261.0 11.41 10.22 -0.13
3.8 3.4 0.698916629948888 13.937476658481916 5.039772537710478 25 716.0 266.0 11.39 10.15 -0.09
3.8 3.4 0.6963078538563588 18.426398745214865 9.047168424455776 25 855.0 540.0 11.28 10.06 -0.08
3.8 3.4 0.6933052698757985 11.278989477098357 2.9639206725508163 25 604.0 45.0 11.13 9.99 -0.13
3.8 3.4 0.6933052698757985 11.278989477098357 2.9639206725508163 25 704.0 48.0 11.13 9.99 -0.13
3.8 3.4 0.6915179649975637 15.820213185121604 7.004618491753028 25 853.0 298.0 11.11 9.97 -0.06
3.8 3.4 0.6915179649975637 15.820213185121604 7.004618491753028 25 726.0 310.0 11.11 9.97 -0.06
3.8 3.4 0.6915179649975637 15.820213185121604 7.004618491753028 25 628.0 309.0 11.11 9.97 -0.06
3.8 3.4 -2.4574010252913063 5.89227180635503 -1.2987908407458886 25 1277.0 72.0 -11.88 -10.55 -0.04
3.8 3.4 -2.4574010252913063 5.89227180635503 -1.2987908407458886 25 1176.0 66.0 -11.88 -10.55 -0.04
3.8 3.4 -2.457351434226853 3.5301342035930947 -3.419044066690811 25 1044.0 71.0 -11.95 -10.67 -0.2
3.8 3.4 -2.454513299461228 -1.2028612045742695 -7.659548566167694 25 1280.0 341.0 -11.95 -10.68 -0.16
3.8 3.4 -2.454513299461228 -1.2028612045742695 -7.659548566167694 25 1180.0 333.0 -11.95 -10.68 -0.16
3.8 3.4 -2.454513299461228 -1.2028612045742695 -7.659548566167694 25 1049.0 339.0 -11.95 -10.68 -0.16
3.8 3.4 -2.4488162875135964 -6.005593050671983 -11.977756020219164 25 1281.0 617.0 -11.8 -10.59 -0.07
3.8 3.4 -2.452557551856858 -8.34158798742978 -14.075804412461327 25 1053.0 616.0 -11.68 -10.54 -0.14
3.8 3.4 0.6981222192433217 7.496085683782502 -0.643842674542241 25 722.0 31.0 11.53 10.32 -0.06
3.8 3.4 0.6981222192433217 7.496085683782502 -0.643842674542241 25 625.0 29.0 11.53 10.32 -0.06
3.8 3.4 0.6974367658284049 9.771058175849259 1.3987063033888134 25 852.0 25.0 11.46 10.26 -0.1
3.8 3.4 0.6964873830464223 14.29485077492662 5.4505039403415205 25 634.0 302.0 11.31 10.15 -0.13
3.8 3.4 0.6964873830464223 14.29485077492662 5.4505039403415205 25 731.0 309.0 11.31 10.15 -0.13
3.8 3.4 0.6964873830464223 14.29485077492662 5.4505039403415205 25 858.0 303.0 11.31 10.15 -0.13
3.8 3.4 0.6958327452328542 18.870937118457988 9.546707667881567 25 866.0 574.0 11.23 10.07 -0.01
3.8 3.4 0.7126481095936639 3.687025106850957 6.971301709099287 25 1053.0 62.0 11.11 10.02 -0.02
3.8 3.4 0.7126481095936639 3.687025106850957 6.971301709099287 25 1180.0 56.0 11.11 10.02 -0.02
3.8 3.4 0.7115781466153006 5.883549247012227 8.958345802672776 25 955.0 57.0 11.1 10.01 -0.01
3.8 3.4 0.7098151604321338 8.071355945050202 10.94539051327563 25 1063.0 316.0 11.1 9.96 -0.02
3.8 3.4 0.7097864905979971 10.372474197099907 13.021242367098202 25 1191.0 310.0 11.1 9.94 0.03
3.8 3.4 0.7097864905979971 10.372474197099907 13.021242367098202 25 966.0 310.0 11.1 9.94 0.03
3.8 3.4 0.7080125967648365 14.774231246874534 16.973133380221988 25 1208.0 692.0 11.11 9.89 0.01
3.8 3.4 0.7272196571019034 6.214770234344071 9.102655051905092 25 1056.0 163.0 11.04 10.04 -0.04
3.8 3.4 0.7272196571019034 6.214770234344071 9.102655051905092 25 1187.0 158.0 11.04 10.04 -0.04
3.8 3.4 0.7269574562695362 8.393860127889734 11.089699558625341 25 955.0 156.0 11.02 10.01 -0.01
3.8 3.4 0.7260102192547656 12.87406552002604 15.16369765857084 25 1063.0 426.0 11.03 10.05 0.01
3.8 3.4 0.7260102192547656 12.87406552002604 15.16369765857084 25 963.0 418.0 11.03 10.05 0.01
3.8 3.4 0.7260102192547656 12.87406552002604 15.16369765857084 25 1193.0 420.0 11.03 10.05 0.01
3.8 3.4 0.7090034047749381 10.346323273469174 13.087844905034277 25 1182.0 366.0 11.08 10.04 0.13
3.8 3.4 0.7090034047749381 10.346323273469174 13.087844905034277 25 1054.0 375.0 11.08 10.04 0.13
3.8 3.4 0.7090034047749381 10.346323273469174 13.087844905034277 25 956.0 373.0 11.08 10.04 0.13
3.8 3.4 0.7081523696568351 16.909732280148607 19.060084311616 25 975.0 629.0 11.1 9.99 -0.04
3.8 3.4 0.717632965245519 4.332035008454403 7.2599203691600325 25 1164.0 37.0 11.07 10.02 -0.07
3.8 3.4 0.717632965245519 4.332035008454403 7.2599203691600325 25 1031.0 47.0 11.07 10.02 -0.07
3.8 3.4 0.7174083749440051 6.5198418630089945 9.246964037696603 25 928.0 46.0 11.08 10.05 -0.04
3.8 3.4 0.718571261563573 8.725080386219966 11.245109158843052 25 1183.0 305.0 11.07 10.02 -0.1
3.8 3.4 0.7187342206623892 11.026197671041931 13.343162182835206 25 947.0 313.0 11.07 10.04 -0.05
3.8 3.4 0.7187342206623892 11.026197671041931 13.343162182835206 25 1049.0 316.0 11.07 10.04 -0.05
3.8 3.4 0.7053869525578359 7.286881977945661 9.802004943611069 25 1174.0 255.0 11.1 10.01 -0.04
3.8 3.4 0.704595283665929 9.483403890068073 11.789049530998472 25 943.0 261.0 11.08 10.04 -0.02
3.8 3.4 0.704595283665929 9.483403890068073 11.789049530998472 25 1044.0 265.0 11.08 10.04 -0.02
3.8 3.4 0.7036944190647937 13.972324178255754 15.874148605917346 25 1192.0 517.0 11.06 10.0 0.01
3.8 3.4 0.7036944190647937 13.972324178255754 15.874148605917346 25 1062.0 528.0 11.06 10.0 0.01
3.8 3.4 0.7043882767346246 16.16012637676174 17.86119498469297 25 962.0 523.0 11.04 10.01 0.0
3.8 3.4 0.7058007280018669 18.347927481317356 19.848241957715366 25 1220.0 914.0 11.04 10.03 0.03
3.8 3.4 0.7047976414349416 20.535727456670926 21.84639031477207 25 989.0 920.0 11.06 10.07 0.03
3.8 3.4 0.7282492677357534 4.035678657759205 7.481936615699145 25 974.0 211.0 8.87 8.0 -0.02
3.8 3.4 0.7280120412495473 5.796383973310203 9.080452165435183 25 1207.0 212.0 8.87 8.02 -0.03
3.8 3.4 0.7280120412495473 5.796383973310203 9.080452165435183 25 1075.0 218.0 8.87 8.02 -0.03
3.8 3.4 0.7283573905613758 9.40495606608635 12.34408931214757 25 1083.0 428.0 8.85 8.02 -0.03
3.8 3.4 0.7283573905613758 9.40495606608635 12.34408931214757 25 983.0 421.0 8.85 8.02 -0.03
3.8 3.4 0.7283253232624867 11.15694294740424 13.920404485562974 25 1212.0 421.0 8.83 8.02 -0.05
3.8 3.4 0.7278434197094776 12.908929107333908 15.518921639145608 25 1227.0 738.0 8.82 8.05 -0.03
3.8 3.4 0.7265963713314869 14.669630970703185 17.106338424803226 25 995.0 737.0 8.83 8.06 -0.04
3.8 3.4 0.7125895778324942 2.510314577345156 5.916723780175098 25 960.0 79.0 8.89 8.05 -0.02
3.8 3.4 0.7118393341687066 4.279736855332417 7.515238943423091 25 1194.0 81.0 8.9 8.03 0.02
3.8 3.4 0.7118393341687066 4.279736855332417 7.515238943423091 25 1062.0 86.0 8.9 8.03 0.02
3.8 3.4 0.708518580594335 7.888310151555556 10.77887528186347 25 969.0 290.0 8.89 8.01 0.02
3.8 3.4 0.708518580594335 7.888310151555556 10.77887528186347 25 1069.0 298.0 8.89 8.01 0.02
3.8 3.4 0.708518580594335 7.888310151555556 10.77887528186347 25 1201.0 292.0 8.89 8.01 0.02
3.8 3.4 0.7105268398907524 11.418433422036259 13.95370683751072 25 981.0 609.0 8.88 7.99 0.01
3.8 3.4 0.7107048193600517 13.17041948323841 15.541123196725101 25 1081.0 614.0 8.85 8.01 0.0
3.8 3.4 0.7107048193600517 13.17041948323841 15.541123196725101 25 1211.0 611.0 8.85 8.01 0.0
3.8 3.4 0.7073795358326772 16.761552978052126 18.78256205608348 25 1224.0 927.0 8.86 7.97 0.08
2.0 5.0 0.7036020914700368 20.326552390890505 15.574441840932488 25 852.0 520.0 12.11 10.95 -0.09
2.0 5.0 0.7134473482754566 1.0198168867227415 -3.185929242776535 25 699.0 654.0 -11.24 -10.28 -0.02
2.0 5.0 0.7142667333271843 -1.2290104185431356 -5.206274681330834 25 931.0 653.0 -11.31 -10.33 -0.03
2.0 5.0 0.7155580083515983 -5.900996528407237 -9.402374873749505 25 916.0 403.0 -11.46 -10.44 -0.05
2.0 5.0 0.7155580083515983 -5.900996528407237 -9.402374873749505 25 787.0 410.0 -11.46 -10.44 -0.05
2.0 5.0 0.7162584225323539 -8.19340949324999 -11.456020861258528 25 687.0 404.0 -11.51 -10.51 -0.04
2.0 5.0 0.7167564193394524 -10.494540109200669 -13.531867816880265 25 673.0 148.0 -11.55 -10.53 -0.01
2.0 5.0 0.7184224883702142 -12.813104771390813 -15.60771413249026 25 905.0 149.0 -11.62 -10.59 -0.05
2.0 5.0 0.7184224883702142 -12.813104771390813 -15.60771413249026 25 775.0 155.0 -11.62 -10.59 -0.05
2.0 5.0 0.7278061668064932 8.324136802143707 3.219234908293621 25 645.0 147.0 12.08 10.82 -0.09
2.0 5.0 0.7278061668064932 8.324136802143707 3.219234908293621 25 751.0 153.0 12.08 10.82 -0.09
2.0 5.0 0.7258570353176931 10.729853074033139 5.372792049523131 25 887.0 142.0 12.13 10.84 -0.09
2.0 5.0 0.7222576300289968 15.654594344329782 9.813118362682308 25 908.0 438.0 12.17 10.92 -0.12
2.0 5.0 0.7222576300289968 15.654594344329782 9.813118362682308 25 775.0 451.0 12.17 10.92 -0.12
2.0 5.0 0.7212122837689261 18.069023077770865 11.988879416998223 25 672.0 447.0 12.17 10.92 -0.15
2.0 5.0 0.7217400232937675 20.48345057502195 14.153540448212155 25 933.0 730.0 12.14 10.89 -0.22
2.0 5.0 0.7184484759953359 7.156147659546251 0.3552287555274618 25 904.0 891.0 -10.75 -9.78 -0.17
2.0 5.0 0.7169422070172173 0.5142668030744454 -5.605903586258288 25 888.0 660.0 -11.14 -10.07 -0.17
2.0 5.0 0.7184765497830253 -4.070554698542225 -9.724299338684405 25 869.0 418.0 -11.36 -10.32 -0.17
2.0 5.0 0.7184765497830253 -4.070554698542225 -9.724299338684405 25 740.0 429.0 -11.36 -10.32 -0.17
2.0 5.0 0.7199972430851798 -6.232221321100067 -11.666938013706813 25 639.0 426.0 -11.45 -10.37 -0.15
2.0 5.0 0.7208663980152943 -10.939079841701902 -15.885237219445184 25 723.0 177.0 -11.59 -10.52 -0.18
2.0 5.0 0.7208663980152943 -10.939079841701902 -15.885237219445184 25 853.0 167.0 -11.59 -10.52 -0.18
2.0 5.0 0.7208663980152943 -10.939079841701902 -15.885237219445184 25 620.0 173.0 -11.59 -10.52 -0.18
2.0 5.0 0.7221536199238636 15.079314585333277 7.515250666620847 25 651.0 307.0 15.03 13.66 -0.36
2.0 5.0 0.7221536199238636 15.079314585333277 7.515250666620847 25 754.0 314.0 15.03 13.66 -0.36
2.0 5.0 0.7209854880955554 18.156186296894685 10.323757893594447 25 889.0 305.0 14.57 13.21 -0.37
2.0 5.0 0.7253366867688041 23.699781040217957 15.374634567587538 25 910.0 699.0 13.41 12.16 -0.17
2.0 5.0 0.7348149577763418 -0.950086134715413 -6.860292841741792 25 919.0 640.0 -12.38 -11.27 -0.03
2.0 5.0 0.7329836646702627 -5.92714638529995 -11.356114059545579 25 904.0 366.0 -12.64 -11.51 -0.06
2.0 5.0 0.7329836646702627 -5.92714638529995 -11.356114059545579 25 669.0 367.0 -12.64 -11.51 -0.06
2.0 5.0 0.7335493127491811 -8.463618945903088 -13.642876364395697 25 771.0 376.0 -12.76 -11.62 -0.04
2.0 5.0 0.7345463792469838 -11.0088094487666 -15.951839491411816 25 652.0 78.0 -12.85 -11.71 -0.01
2.0 5.0 0.7346229116108758 -13.710896922391049 -18.394011187537107 25 893.0 76.0 -12.95 -11.79 -0.03
2.0 5.0 0.7346229116108758 -13.710896922391049 -18.394011187537107 25 756.0 85.0 -12.95 -11.79 -0.03
2.0 5.0 0.7263648072865347 8.411298049136146 5.49489794257912 25 771.0 164.0 11.54 11.18 0.01
2.0 5.0 0.7260966459896904 10.825729659543173 7.837168599341911 25 1013.0 162.0 11.63 11.22 0.0
2.0 5.0 0.7262441078808647 15.480261846039728 12.299695910984632 25 1035.0 461.0 11.77 11.21 -0.06
2.0 5.0 0.7262441078808647 15.480261846039728 12.299695910984632 25 798.0 462.0 11.77 11.21 -0.06
2.0 5.0 0.7247378389027456 20.13478908871411 16.728923707234653 25 820.0 748.0 11.67 11.03 -0.08
2.0 5.0 0.7167907516148426 4.706841493908442 4.939856008810238 25 910.0 965.0 -10.51 -9.45 -0.1
2.0 5.0 0.7167907516148426 4.706841493908442 4.939856008810238 25 1144.0 969.0 -10.51 -9.45 -0.1
2.0 5.0 0.716328696408544 2.5887634610846693 3.063820401259809 25 1014.0 977.0 -10.63 -9.55 -0.06
2.0 5.0 0.7169059077885488 -1.8478725176297253 -0.8769627741506701 25 1141.0 736.0 -10.93 -9.82 -0.06
2.0 5.0 0.7169059077885488 -1.8478725176297253 -0.8769627741506701 25 1009.0 744.0 -10.93 -9.82 -0.06
2.0 5.0 0.7175389091160636 -6.275796673024281 -4.806642863445557 25 898.0 495.0 -11.22 -10.07 -0.12
2.0 5.0 0.7175389091160636 -6.275796673024281 -4.806642863445557 25 1001.0 504.0 -11.22 -10.07 -0.12
2.0 5.0 0.7175389091160636 -6.275796673024281 -4.806642863445557 25 1135.0 497.0 -11.22 -10.07 -0.12
2.0 5.0 0.718893782296453 -10.912918986558847 -8.936134747674293 25 890.0 247.0 -11.47 -10.27 -0.07
2.0 5.0 0.7180553833630421 -13.205332786567448 -10.967577393639779 25 1130.0 248.0 -11.59 -10.34 -0.08
2.0 5.0 0.7155586043980461 4.436632869490076 4.506923451369747 25 1099.0 49.0 11.67 10.4 0.03
2.0 5.0 0.7155586043980461 4.436632869490076 4.506923451369747 25 853.0 60.0 11.67 10.4 0.03
2.0 5.0 0.7171551148083546 6.755185822982243 6.571672692575663 25 961.0 63.0 11.73 10.45 0.03
2.0 5.0 0.7218476692822315 11.549182483190398 10.845483742483806 25 1113.0 338.0 11.86 10.53 0.01
2.0 5.0 0.7218476692822315 11.549182483190398 10.845483742483806 25 873.0 346.0 11.86 10.53 0.01
2.0 5.0 0.7218476692822315 11.549182483190398 10.845483742483806 25 977.0 352.0 11.86 10.53 0.01
2.0 5.0 0.7182048122074941 16.28215969877436 15.041592035136551 25 1129.0 625.0 11.87 10.55 -0.05
2.0 5.0 0.7182048122074941 16.28215969877436 15.041592035136551 25 892.0 632.0 11.87 10.55 -0.05
2.0 5.0 0.7190104285862784 18.626855646840383 17.117445639008636 25 996.0 638.0 11.77 10.46 -0.09
2.0 5.0 0.7217996875431877 2.1703774251402765 1.9537402801102561 25 1107.0 885.0 -10.94 -9.79 0.06
2.0 5.0 0.7217996875431877 2.1703774251402765 1.9537402801102561 25 972.0 896.0 -10.94 -9.79 0.06
2.0 5.0 0.7192986170437674 -0.026149131780913763 0.011100794970582913 25 864.0 884.0 -11.06 -9.87 0.08
2.0 5.0 0.7153839031842093 -2.3534225208002666 -2.0425460350360436 25 964.0 646.0 -11.2 -9.99 0.04
2.0 5.0 0.7148324410107473 -4.593533290568212 -4.029587501197882 25 855.0 637.0 -11.28 -10.08 0.05
2.0 5.0 0.7148324410107473 -4.593533290568212 -4.029587501197882 25 1098.0 634.0 -11.28 -10.08 0.05
2.0 5.0 0.7183457175877433 -9.143489449392842 -8.05917255095595 25 952.0 386.0 -11.53 -10.3 0.03
2.0 5.0 0.7183457175877433 -9.143489449392842 -8.05917255095595 25 846.0 379.0 -11.53 -10.3 0.03
2.0 5.0 0.7179609100010731 -11.444618501825031 -10.10171609609963 25 1087.0 379.0 -11.64 -10.4 0.03
2.0 5.0 0.7190174023297169 -13.893927625954573 -12.266367505743132 25 837.0 118.0 -11.75 -10.46 0.04
2.0 5.0 0.7165978709843497 -16.238641249253746 -14.353312850782 25 942.0 124.0 -11.87 -10.56 0.02
2.0 5.0 0.7165978709843497 -16.238641249253746 -14.353312850782 25 1080.0 117.0 -11.87 -10.56 0.02
2.0 5.0 0.7321630279209954 5.4390149942044825 4.118395672435081 25 1044.0 67.0 12.06 10.7 0.1
2.0 5.0 0.7321630279209954 5.4390149942044825 4.118395672435081 25 901.0 79.0 12.06 10.7 0.1
2.0 5.0 0.7306044856694082 7.836014664720249 6.249749694662432 25 789.0 74.0 12.11 10.74 0.1
2.0 5.0 0.7286406318333485 12.647442902928775 10.501359123994547 25 1061.0 375.0 12.04 10.66 -0.06
2.0 5.0 0.7286406318333485 12.647442902928775 10.501359123994547 25 810.0 381.0 12.04 10.66 -0.06
2.0 5.0 0.7245624224331715 17.441433620774706 14.73077006007821 25 831.0 690.0 11.47 10.1 -0.15
2.0 5.0 0.7245624224331715 17.441433620774706 14.73077006007821 25 1081.0 681.0 11.47 10.1 -0.15
2.0 5.0 0.7210892001774648 3.530130840144649 3.208130129478458 25 1121.0 915.0 -9.83 -8.78 -0.03
2.0 5.0 0.7210892001774648 3.530130840144649 3.208130129478458 25 873.0 921.0 -9.83 -8.78 -0.03
2.0 5.0 0.7132997075703483 -0.5142662180809424 -0.41072935578417147 25 1109.0 689.0 -10.01 -9.14 -0.01
2.0 5.0 0.7129172841694694 -2.5103170654589078 -2.242359990385869 25 969.0 705.0 -10.08 -9.32 0.0
2.0 5.0 0.7129172841694694 -2.5103170654589078 -2.242359990385869 25 861.0 696.0 -10.08 -9.32 0.0
2.0 5.0 0.7138488451626639 -6.554720031468528 -6.0055270011847535 25 956.0 462.0 -10.2 -9.74 -0.03
2.0 5.0 0.7138488451626639 -6.554720031468528 -6.0055270011847535 25 1095.0 452.0 -10.2 -9.74 -0.03
2.0 5.0 0.7138488451626639 -6.554720031468528 -6.0055270011847535 25 848.0 459.0 -10.2 -9.74 -0.03
2.0 5.0 0.7193877259877068 -10.729873203600027 -10.035111063861056 25 1081.0 210.0 -10.33 -10.11 -0.13
2.0 5.0 0.7244163314488273 -12.795660499224509 -12.044352020814644 25 940.0 221.0 -10.44 -10.19 -0.12
2.0 5.0 0.7244163314488273 -12.795660499224509 -12.044352020814644 25 831.0 217.0 -10.44 -10.19 -0.12
2.0 5.0 0.7326052943852287 8.986577145486507 4.151701022031439 25 679.0 171.0 12.27 11.0 0.06
2.0 5.0 0.7326052943852287 8.986577145486507 4.151701022031439 25 938.0 165.0 12.27 11.0 0.06
2.0 5.0 0.7298281947758535 16.334463094469218 10.74558261102356 25 957.0 486.0 12.41 11.12 0.04
2.0 5.0 0.7298281947758535 16.334463094469218 10.74558261102356 25 703.0 493.0 12.41 11.12 0.04
2.0 5.0 0.7274056235936028 23.699769938418054 17.37277367136129 25 980.0 803.0 11.78 10.57 -0.14
2.0 5.0 0.7274056235936028 23.699769938418054 17.37277367136129 25 840.0 818.0 11.78 10.57 -0.14
2.0 5.0 0.727113322415624 4.584812621370894 0.7992583344857707 25 753.0 889.0 -10.19 -9.22 -0.02
2.0 5.0 0.727113322415624 4.584812621370894 0.7992583344857707 25 1008.0 885.0 -10.19 -9.22 -0.02
2.0 5.0 0.727113322415624 4.584812621370894 0.7992583344857707 25 866.0 898.0 -10.19 -9.22 -0.02
2.0 5.0 0.7315117279675345 0.47940079464970375 -2.9084075544723933 25 732.0 646.0 -10.5 -9.5 -0.05
2.0 5.0 0.7290666858342033 -1.7171269277430055 -4.895449252285974 25 993.0 638.0 -10.61 -9.63 -0.03
2.0 5.0 0.7290666858342033 -1.7171269277430055 -4.895449252285974 25 852.0 651.0 -10.61 -9.63 -0.03
2.0 5.0 0.7312241355564931 -5.970723568932192 -8.758523153923841 25 718.0 385.0 -10.82 -9.85 -0.03
2.0 5.0 0.7312241355564931 -5.970723568932192 -8.758523153923841 25 978.0 381.0 -10.82 -9.85 -0.03
2.0 5.0 0.7322051088002063 -10.320204914055378 -12.68819963121483 25 702.0 117.0 -11.01 -9.96 -0.03
2.0 5.0 0.7290872494366505 -12.516738285869009 -14.664137829427702 25 964.0 113.0 -11.12 -10.03 -0.05
2.0 5.0 0.7302277843144277 8.611769134621968 6.993502359913366 25 806.0 234.0 11.73 10.62 -0.08
2.0 5.0 0.7302277843144277 8.611769134621968 6.993502359913366 25 1072.0 229.0 11.73 10.62 -0.08
2.0 5.0 0.7288834611561634 10.947752195112509 9.102655320952747 25 922.0 240.0 11.76 10.69 -0.05
2.0 5.0 0.7282269755986075 15.741743452515562 13.44307227581476 25 826.0 552.0 11.7 10.63 -0.24
2.0 5.0 0.7282269755986075 15.741743452515562 13.44307227581476 25 939.0 558.0 11.7 10.63 -0.24
2.0 5.0 0.7282269755986075 15.741743452515562 13.44307227581476 25 1085.0 549.0 11.7 10.63 -0.24
2.0 5.0 0.7303049127247668 20.300388940226362 17.56147608176076 25 842.0 863.0 11.18 10.1 -0.35
2.0 5.0 0.7303049127247668 20.300388940226362 17.56147608176076 25 1099.0 861.0 11.18 10.1 -0.35
2.0 5.0 0.7293790737774709 22.479472493214228 19.5263222736999 25 958.0 873.0 10.78 9.71 -0.32
2.0 5.0 0.7298742095616203 2.423151735715957 1.1544826957023318 25 1083.0 810.0 -10.39 -9.53 -0.03
2.0 5.0 0.7298742095616203 2.423151735715957 1.1544826957023318 25 939.0 822.0 -10.39 -9.53 -0.03
2.0 5.0 0.7298742095616203 2.423151735715957 1.1544826957023318 25 827.0 813.0 -10.39 -9.53 -0.03
2.0 5.0 0.7275549332287649 -1.882737578877701 -2.7751977613336325 25 921.0 566.0 -10.72 -9.71 -0.06
2.0 5.0 0.7273069183018542 -4.026967520749496 -4.706734831202235 25 810.0 559.0 -10.83 -9.76 -0.12
2.0 5.0 0.7273069183018542 -4.026967520749496 -4.706734831202235 25 1068.0 557.0 -10.83 -9.76 -0.12
2.0 5.0 0.7307407418873649 -8.34157985985264 -8.569807386495619 25 791.0 292.0 -10.84 -9.71 -0.14
2.0 5.0 0.7307407418873649 -8.34157985985264 -8.569807386495619 25 1055.0 291.0 -10.84 -9.71 -0.14
2.0 5.0 0.7322410504010061 -10.485813078089299 -10.501342861035907 25 907.0 299.0 -10.79 -9.71 -0.13
2.0 5.0 0.7295271317150929 -12.725927756696029 -12.510583172033785 25 775.0 26.0 -10.7 -9.66 -0.03
2.0 5.0 -0.09998707374068687 -0.627578714943934 0.23311656409123666 25 700.0 51.0 14.32 -1.97 -0.05
2.0 5.0 -0.09999792178603618 5.116510327246229 -0.5550377514044864 25 701.0 315.0 14.58 -1.99 -0.03
2.0 5.0 -0.09873108466598021 8.01906258848924 -0.9546637293451876 25 866.0 127.0 14.67 -2.01 -0.07
2.0 5.0 -0.10052363475295528 13.885182651418694 -1.7539124322547948 25 870.0 396.0 14.84 -2.02 -0.13
2.0 5.0 -0.10755424102279162 19.88204980849073 -2.5753581253416753 25 876.0 678.0 14.48 -2.02 -0.26
2.0 5.0 -0.11907844146224447 2.152943911396841 1.5652118024519157 25 963.0 942.0 -13.31 2.0 -0.01
2.0 5.0 -0.11912135680648282 -3.2512065618786496 2.342267594161122 25 954.0 692.0 -13.84 2.09 0.0
2.0 5.0 -0.12245158751937348 -8.986578283474834 3.1748313919128384 25 860.0 557.0 -14.29 2.14 -0.02
2.0 5.0 -0.12216715415450521 -11.84554745848755 3.5855644420203587 25 945.0 447.0 -14.44 2.21 -0.06
2.0 5.0 -0.12216715415450521 -11.84554745848755 3.5855644420203587 25 782.0 636.0 -14.44 2.21 -0.06
2.0 5.0 -0.11688034137221762 -17.61578342486496 4.41813456198998 25 939.0 203.0 -14.58 2.16 -0.14
2.0 5.0 -0.11688034137221762 -17.61578342486496 4.41813456198998 25 780.0 378.0 -14.58 2.16 -0.14
2.0 5.0 -0.1205552061411999 -23.351153173778393 5.217406413374341 25 776.0 122.0 -14.28 2.09 -0.09
3.8 3.4 0.7025615135815482 1.455634490489789 4.9176537500215876 25 942.0 74.0 6.65 6.02 0.0
3.8 3.4 0.7025615135815482 1.455634490489789 4.9176537500215876 25 1168.0 75.0 6.65 6.02 0.0
3.8 3.4 0.7025615135815482 1.455634490489789 4.9176537500215876 25 1040.0 80.0 6.65 6.02 0.0
3.8 3.4 0.6967179338124135 4.079261921874057 7.315427123280194 25 1046.0 233.0 6.62 5.98 0.01
3.8 3.4 0.69615097443131 5.386716880660692 8.503213345525698 25 949.0 226.0 6.62 5.98 0.05
3.8 3.4 0.69615097443131 5.386716880660692 8.503213345525698 25 1173.0 227.0 6.62 5.98 0.05
3.8 3.4 0.6979054967549186 8.071356492135758 10.956492072835593 25 961.0 532.0 6.66 5.99 0.05
3.8 3.4 0.6974256793644766 9.387526620437393 12.144278942468441 25 1058.0 538.0 6.68 6.01 0.05
3.8 3.4 0.6971782604840141 10.712412695456491 13.343166821636975 25 966.0 684.0 6.7 6.0 0.03
3.8 3.4 0.6974497596409659 14.748082962452365 16.984235075158495 25 1200.0 912.0 6.72 5.99 0.0
3.8 3.4 0.7106220881131033 1.0633976662040638 4.140597461726841 25 1053.0 26.0 7.41 6.67 0.02
3.8 3.4 0.7087462107327323 2.5451808707582297 5.4726934655584865 25 952.0 23.0 7.45 6.71 0.01
3.8 3.4 0.7095891992237905 5.500029456420079 8.125785535675705 25 957.0 188.0 7.48 6.75 -0.04
3.8 3.4 0.7095891992237905 5.500029456420079 8.125785535675705 25 1056.0 193.0 7.48 6.75 -0.04
3.8 3.4 0.7095891992237905 5.500029456420079 8.125785535675705 25 1188.0 191.0 7.48 6.75 -0.04
3.8 3.4 0.7073771516468862 8.463592475754284 10.801080366226195 25 1063.0 455.0 7.49 6.78 0.06
3.8 3.4 0.7073771516468862 8.463592475754284 10.801080366226195 25 963.0 445.0 7.49 6.78 0.06
3.8 3.4 0.7065321365979055 10.02382047064168 12.199782692485645 25 1193.0 448.0 7.5 6.77 -0.04
3.8 3.4 0.7076776782658438 14.504025216964745 16.240480026852982 25 1204.0 886.0 7.57 6.85 -0.07
3.8 3.4 0.653872923054967 2.466733409287059 5.617003666661495 25 1054.0 85.0 7.34 6.74 -0.03
3.8 3.4 0.653872923054967 2.466733409287059 5.617003666661495 25 954.0 77.0 7.34 6.74 -0.03
3.8 3.4 0.6541122953083853 3.9136506084209177 6.949099926032459 25 1188.0 79.0 7.24 6.67 -0.06
3.8 3.4 0.6525802771237234 6.833632717944688 9.613293308836942 25 958.0 266.0 7.12 6.56 0.0
3.8 3.4 0.6525802771237234 6.833632717944688 9.613293308836942 25 1191.0 268.0 7.12 6.56 0.0
3.8 3.4 0.6525802771237234 6.833632717944688 9.613293308836942 25 1059.0 275.0 7.12 6.56 0.0
3.8 3.4 0.6517467657711846 9.640300238943428 12.188681224956008 25 969.0 536.0 7.02 6.47 -0.05
3.8 3.4 0.6517467657711846 9.640300238943428 12.188681224956008 25 1200.0 538.0 7.02 6.47 -0.05
3.8 3.4 0.6526452461865285 11.034916982845134 13.465274753612151 25 1070.0 545.0 6.95 6.4 -0.06
3.8 3.4 0.6525736014035086 13.850298199700454 16.02956338269913 25 981.0 795.0 6.85 6.32 -0.05
3.8 3.4 0.6525736014035086 13.850298199700454 16.02956338269913 25 1210.0 793.0 6.85 6.32 -0.05
3.8 3.4 0.6507190624859672 16.54364885137351 18.49394563381291 25 990.0 962.0 6.66 6.15 -0.03
3.8 3.4 0.6507190624859672 16.54364885137351 18.49394563381291 25 1219.0 964.0 6.66 6.15 -0.03
3.8 3.4 0.7045977870610098 0.200476628722785 3.9296825115911007 25 967.0 32.0 6.57 5.97 0.11
3.8 3.4 0.7045977870610098 0.200476628722785 3.9296825115911007 25 1067.0 38.0 6.57 5.97 0.11
3.8 3.4 0.7044174234059195 1.5602309007408717 5.172972029253205 25 1199.0 30.0 6.58 5.97 0.1
3.8 3.4 0.7044943133976794 4.166425394797295 7.537442904506209 25 973.0 181.0 6.58 5.95 0.05
3.8 3.4 0.7044943133976794 4.166425394797295 7.537442904506209 25 1204.0 184.0 6.58 5.95 0.05
3.8 3.4 0.7044943133976794 4.166425394797295 7.537442904506209 25 1073.0 189.0 6.58 5.95 0.05
3.8 3.4 0.7056246558812002 6.763901941076187 9.901914588570502 25 1080.0 422.0 6.56 5.93 0.05
3.8 3.4 0.7051674882557728 8.062639642213357 11.078600349832271 25 981.0 415.0 6.57 5.95 0.02
3.8 3.4 0.7051674882557728 8.062639642213357 11.078600349832271 25 1209.0 416.0 6.57 5.95 0.02
3.8 3.4 0.7040397087719781 10.738561074363727 13.509678211828753 25 1218.0 651.0 6.62 5.98 0.02
3.8 3.4 0.7040397087719781 10.738561074363727 13.509678211828753 25 989.0 649.0 6.62 5.98 0.02
3.8 3.4 0.7043810049679619 13.37089914151556 15.896353707312878 25 994.0 803.0 6.63 5.99 0.03
3.8 3.4 0.7043810049679619 13.37089914151556 15.896353707312878 25 1222.0 803.0 6.63 5.99 0.03
3.8 3.4 0.7032209793713431 17.371701309377197 19.515221437386465 25 1004.0 1035.0 6.62 6.0 0.03
3.8 3.4 0.653872923054967 2.466733409287059 5.617003666661495 25 1054.0 85.0 7.34 6.74 -0.03
3.8 3.4 0.653872923054967 2.466733409287059 5.617003666661495 25 954.0 77.0 7.34 6.74 -0.03
3.8 3.4 0.6541122953083853 3.9136506084209177 6.949099926032459 25 1188.0 79.0 7.24 6.67 -0.06
3.8 3.4 0.6525802771237234 6.833632717944688 9.613293308836942 25 958.0 266.0 7.12 6.56 0.0
3.8 3.4 0.6525802771237234 6.833632717944688 9.613293308836942 25 1191.0 268.0 7.12 6.56 0.0
3.8 3.4 0.6525802771237234 6.833632717944688 9.613293308836942 25 1059.0 275.0 7.12 6.56 0.0
3.8 3.4 0.6517467657711846 9.640300238943428 12.188681224956008 25 969.0 536.0 7.02 6.47 -0.05
3.8 3.4 0.6517467657711846 9.640300238943428 12.188681224956008 25 1200.0 538.0 7.02 6.47 -0.05
3.8 3.4 0.6526452461865285 11.034916982845134 13.465274753612151 25 1070.0 545.0 6.95 6.4 -0.06
3.8 3.4 0.6525736014035086 13.850298199700454 16.02956338269913 25 981.0 795.0 6.85 6.32 -0.05
3.8 3.4 0.6525736014035086 13.850298199700454 16.02956338269913 25 1210.0 793.0 6.85 6.32 -0.05
3.8 3.4 0.6507190624859672 16.54364885137351 18.49394563381291 25 990.0 962.0 6.66 6.15 -0.03
3.8 3.4 0.6507190624859672 16.54364885137351 18.49394563381291 25 1219.0 964.0 6.66 6.15 -0.03
3.8 3.4 0.6819581548359731 3.8787853859686123 7.182217346081163 25 963.0 97.0 9.0 8.05 -0.01
3.8 3.4 0.6819581548359731 3.8787853859686123 7.182217346081163 25 1065.0 104.0 9.0 8.05 -0.01
3.8 3.4 0.6819581548359731 3.8787853859686123 7.182217346081163 25 1199.0 99.0 9.0 8.05 -0.01
3.8 3.4 0.6826037923481804 7.435062003940761 10.401451305186932 25 1074.0 319.0 9.05 8.07 0.0
3.8 3.4 0.6812907616284232 9.309079161189805 12.088774563045934 25 972.0 310.0 9.06 8.06 0.01
3.8 3.4 0.6812907616284232 9.309079161189805 12.088774563045934 25 1208.0 311.0 9.06 8.06 0.01
3.8 3.4 0.6767139593747 12.882784121216202 15.308010970193488 25 986.0 633.0 9.07 8.04 0.02
3.8 3.4 0.6767139593747 12.882784121216202 15.308010970193488 25 1220.0 633.0 9.07 8.04 0.02
3.8 3.4 0.6752174059536794 16.46520249598432 18.538349753540384 25 1000.0 957.0 9.07 8.04 0.0
3.8 3.4 0.6752174059536794 16.46520249598432 18.538349753540384 25 1233.0 959.0 9.07 8.04 0.0
3.8 3.4 0.7239720980313161 0.688593574239 4.218303065096791 25 1069.0 31.0 6.62 5.92 0.02
3.8 3.4 0.7239720980313161 0.688593574239 4.218303065096791 25 1203.0 25.0 6.62 5.92 0.02
3.8 3.4 0.7263302961972097 3.3732358455720615 6.627176775574698 25 1071.0 181.0 6.63 5.96 0.05
3.8 3.4 0.7263160506871081 4.6806908976786445 7.803861942404274 25 971.0 172.0 6.63 5.94 0.02
3.8 3.4 0.7263160506871081 4.6806908976786445 7.803861942404274 25 1202.0 179.0 6.63 5.94 0.02
3.8 3.4 0.7260194579747061 7.304316202872228 10.157232924747868 25 1074.0 418.0 6.64 5.95 0.04
3.8 3.4 0.7260194579747061 7.304316202872228 10.157232924747868 25 974.0 408.0 6.64 5.95 0.04
3.8 3.4 0.7252816716816762 8.68150095086471 11.40052359663415 25 1203.0 415.0 6.65 5.96 0.02
3.8 3.4 0.7241293350842336 11.305123892202056 13.764996716193549 25 978.0 644.0 6.66 5.98 0.0
3.8 3.4 0.7241293350842336 11.305123892202056 13.764996716193549 25 1203.0 647.0 6.66 5.98 0.0
3.8 3.4 0.7240218679097037 13.937461637388047 16.140571529110996 25 1206.0 802.0 6.67 6.01 0.0
