3.8 3.4 0.7011996070530754 2.9112680223130956 5.517095844536094 25 1166.0 44.0 8.83 8.05 0.0
3.8 3.4 0.7011996070530754 2.9112680223130956 5.517095844536094 25 1034.0 52.0 8.83 8.05 0.0
3.8 3.4 0.6997091929104666 4.663257717974038 7.1156112043906345 25 935.0 48.0 8.83 8.04 0.01
3.8 3.4 0.7028671661999562 8.167235009371435 10.32374389971247 25 1176.0 252.0 8.87 8.06 -0.01
3.8 3.4 0.7028671661999562 8.167235009371435 10.32374389971247 25 1047.0 260.0 8.87 8.06 -0.01
3.8 3.4 0.7028671661999562 8.167235009371435 10.32374389971247 25 948.0 256.0 8.87 8.06 -0.01
3.8 3.4 0.7000105539944509 11.7670893658359 13.609583849360495 25 1065.0 571.0 8.86 8.04 -0.01
3.8 3.4 0.7000105539944509 11.7670893658359 13.609583849360495 25 1193.0 563.0 8.86 8.04 -0.01
3.8 3.4 0.6983642141011098 13.5277918699075 15.208101166348367 25 967.0 567.0 8.86 8.03 0.0
3.8 3.4 0.6979506174710132 15.279777314140425 16.806618861885 25 1215.0 873.0 8.87 8.03 -0.02
