0.4 -9.2 -1.5470699508998054 0.8890536791364312 0.03330244597586538 25 1030.0 82.0 0.05 -0.02 -0.28
0.4 -9.2 -1.5470699508998054 0.8890536791364312 0.03330244597586538 25 749.0 106.0 0.05 -0.02 -0.28
0.4 -9.2 -1.5470699508998054 0.8890536791364312 0.03330244597586538 25 882.0 91.0 0.05 -0.02 -0.28
0.4 -9.2 -1.5420624454829357 0.9413509551626074 0.03330245181589674 25 1023.0 111.0 0.18 0.01 0.1
0.4 -9.2 -1.5420624454829357 0.9413509551626074 0.03330245181589674 25 887.0 124.0 0.18 0.01 0.1
0.4 -9.2 -1.5408598621699472 0.9936482263199939 0.04440325717779223 25 760.0 136.0 0.24 0.05 0.12
0.4 -9.2 -1.5405532558772226 1.0546617079896412 0.0666048612135925 25 1022.0 118.0 0.3 0.06 0.11
0.4 -9.2 -1.539905234179225 1.1243914020567973 0.08880646850760292 25 889.0 130.0 0.33 0.09 0.07
0.4 -9.2 -1.539905234179225 1.1243914020567973 0.08880646850760292 25 764.0 138.0 0.33 0.09 0.07
0.4 -9.2 -1.5393118103358412 1.2638507952524565 0.13320968325992577 25 1026.0 114.0 0.33 0.1 0.02
0.4 -9.2 -1.5393118103358412 1.2638507952524565 0.13320968325992577 25 766.0 137.0 0.33 0.1 0.02
0.4 -9.2 -1.5393118103358412 1.2638507952524565 0.13320968325992577 25 890.0 129.0 0.33 0.1 0.02
0.4 -9.2 -1.5395554741236828 1.3945939766903561 0.16651210198547234 25 1031.0 111.0 0.26 0.09 0.0
0.4 -9.2 -1.5395554741236828 1.3945939766903561 0.16651210198547234 25 771.0 137.0 0.26 0.09 0.0
0.4 -9.2 -1.5387732227656505 1.4904723075723383 0.19981451473271086 25 779.0 135.0 0.16 0.06 0.0
0.4 -9.2 -1.5387732227656505 1.4904723075723383 0.19981451473271086 25 1038.0 110.0 0.16 0.06 0.0
0.4 -9.2 -1.5393182476374763 1.5166209453912465 0.21091531980065253 25 901.0 124.0 0.12 0.07 -0.01
0.4 -9.2 -1.5405005653712411 1.5427695810546225 0.22201612327288459 25 1044.0 106.0 0.07 0.07 -0.02
0.4 -9.2 -1.5413796146723886 1.5514857925327883 0.23311692465923256 25 788.0 133.0 0.02 0.07 -0.02
0.4 -9.2 -1.5417947014186044 1.5602020071214597 0.24421772546394874 25 1050.0 105.0 0.0 0.06 -0.03
0.4 -9.2 -1.5426673134181161 1.5602020120573108 0.24421772609076692 25 915.0 115.0 -0.02 0.04 -0.04
0.4 -9.2 -1.5426673134181161 1.5602020120573108 0.24421772609076692 25 791.0 129.0 -0.02 0.04 -0.04
0.4 -9.2 -1.5446402271601818 1.5427695963522932 0.24421772435863842 25 1052.0 104.0 -0.07 0.03 -0.02
0.4 -9.2 -1.5446402271601818 1.5427695963522932 0.24421772435863842 25 793.0 128.0 -0.07 0.03 -0.02
0.4 -9.2 -1.5461930473658698 1.5079047544538824 0.24421771915868645 25 1054.0 105.0 -0.08 0.01 -0.03
0.4 -9.2 -1.5461930473658698 1.5079047544538824 0.24421771915868645 25 919.0 117.0 -0.08 0.01 -0.03
0.4 -9.2 -1.5472075184199476 1.4643237006557552 0.23311691342395793 25 1051.0 102.0 -0.09 0.01 -0.03
0.4 -9.2 -1.5472075184199476 1.4643237006557552 0.23311691342395793 25 918.0 116.0 -0.09 0.01 -0.03
0.4 -9.2 -1.5466219623896738 1.4294588608404095 0.22201610889970994 25 1052.0 103.0 -0.09 0.01 -0.03
0.4 -9.2 -1.5466219623896738 1.4294588608404095 0.22201610889970994 25 917.0 114.0 -0.09 0.01 -0.03
0.4 -9.2 -1.547425433001246 1.4120264409742307 0.21091530659793406 25 1050.0 102.0 -0.07 0.0 -0.03
0.4 -9.2 -1.5487510403010512 1.3945940194165802 0.210915304378713 25 915.0 116.0 -0.07 0.01 -0.05
0.4 -9.2 -1.5487510403010512 1.3945940194165802 0.210915304378713 25 792.0 128.0 -0.07 0.01 -0.05
0.4 -9.2 -1.5477699478480478 1.359729176354305 0.19981450037840245 25 912.0 114.0 -0.06 0.01 -0.04
0.4 -9.2 -1.5477699478480478 1.359729176354305 0.19981450037840245 25 1047.0 103.0 -0.06 0.01 -0.04
0.4 -9.2 -1.547180577120509 1.3510129677766944 0.1998144993347593 25 790.0 127.0 -0.05 0.02 -0.05
0.4 -9.2 -1.5466863354060314 1.3422967601334086 0.18871369935806678 25 911.0 114.0 -0.03 0.03 -0.06
0.4 -9.2 -1.5466863354060314 1.3422967601334086 0.18871369935806678 25 1044.0 101.0 -0.03 0.03 -0.06
0.4 -9.2 -1.5440856655451913 1.32486434922782 0.18871369819506215 25 1044.0 102.0 -0.02 0.03 -0.31
0.4 -9.2 -1.5440856655451913 1.32486434922782 0.18871369819506215 25 788.0 128.0 -0.02 0.03 -0.31
0.4 -9.2 -1.5419980724665785 1.3161481903715941 0.18871370490113 25 787.0 129.0 0.0 0.02 -1.13
0.4 -9.2 -1.5419980724665785 1.3161481903715941 0.18871370490113 25 1043.0 101.0 0.0 0.02 -1.13
0.4 -9.2 -1.5386702259394784 1.3074320424525587 0.18871371321067443 25 907.0 117.0 -0.01 0.03 -1.92
0.4 -9.2 -1.5373996933314462 1.3074321316989488 0.18871372539384096 25 785.0 128.0 -0.03 0.03 -2.73
0.4 -9.2 -1.5394827564570568 1.2987160486633458 0.17761294124090768 25 1041.0 101.0 -0.04 0.03 -3.63
0.4 -9.2 -1.5394827564570568 1.2987160486633458 0.17761294124090768 25 906.0 116.0 -0.04 0.03 -3.63
0.4 -9.2 -1.5436143120143078 1.2638515114953854 0.166512175246572 25 1038.0 111.0 -0.1 0.01 -4.34
0.4 -9.2 -1.5436143120143078 1.2638515114953854 0.166512175246572 25 788.0 138.0 -0.1 0.01 -4.34
0.4 -9.2 -1.5492371757838388 1.1941220576526907 0.1443105889644051 25 1032.0 130.0 -0.18 -0.02 -3.24
0.4 -9.2 -1.5492371757838388 1.1941220576526907 0.1443105889644051 25 794.0 153.0 -0.18 -0.02 -3.24
0.4 -9.2 -1.5509382923457287 1.1069600286252688 0.11100816973275185 25 910.0 163.0 -0.25 -0.05 -1.58
0.4 -9.2 -1.5515267093989513 1.0546627412124399 0.09990735605538756 25 1021.0 168.0 -0.23 -0.04 -0.83
0.4 -9.2 -1.5447305878016613 0.9849329923171685 0.08880653930347882 25 804.0 203.0 0.08 0.04 0.02
0.4 -9.2 -1.5437740524623056 1.0546627619437647 0.11100816846999291 25 1011.0 183.0 0.23 0.05 0.01
0.4 -9.2 -1.5389868458125253 1.4468927384982988 0.166512283214339 25 916.0 189.0 0.13 0.0 -0.04
0.4 -9.2 -1.5424370010707042 1.4817576268061476 0.17761310016235995 25 921.0 190.0 0.03 0.0 -0.06
0.4 -9.2 -1.5404128273341315 1.49047385183257 0.1776131028554621 25 924.0 190.0 0.0 0.0 -0.07
0.4 -9.2 -1.5420884331080578 1.4904738582813728 0.17761310305998254 25 924.0 189.0 -0.03 0.0 -0.07
0.4 -9.2 -1.542600556215968 1.4730414225706687 0.16651229031754874 25 924.0 189.0 -0.05 0.0 -0.07
0.4 -9.2 -1.5439008911463874 1.4468927599770383 0.16651228589576755 25 924.0 190.0 -0.07 0.0 -0.06
0.4 -9.2 -1.5437649925562997 1.4207441001212109 0.15541147108905062 25 924.0 190.0 -0.06 0.0 -0.05
0.4 -9.2 -1.5438532074305673 1.3945954359027617 0.15541146647137974 25 923.0 190.0 -0.05 0.0 -0.04
0.4 -9.2 -1.544907971224513 1.368446770341651 0.14431065102721302 25 924.0 190.0 -0.03 0.01 0.11
0.4 -9.2 -1.5449923714015148 1.3510143252448985 0.1332098371344374 25 923.0 190.0 -0.02 0.02 0.0
0.4 -9.2 -1.5460488041255136 1.3422980982212263 0.13320983503613223 25 921.0 188.0 -0.02 0.02 0.28
0.4 -9.2 -1.544127388796534 1.3422980895514347 0.1332098345541614 25 921.0 191.0 0.0 0.02 0.06
0.4 -9.2 -1.5423557003352306 1.3510143078087031 0.14431064679791505 25 921.0 189.0 0.03 0.02 -0.03
0.4 -9.2 -1.5432614525172372 1.3684467510566376 0.14431064936040597 25 918.0 188.0 0.02 0.03 -0.03
0.4 -9.2 -1.5427731712672375 1.3771629712099542 0.14431065101336724 25 918.0 188.0 0.01 0.02 0.01
0.4 -9.2 -1.545136376223292 1.3858791597904496 0.14431064849894107 25 919.0 190.0 0.0 0.02 0.44
0.4 -9.2 -1.541443510851588 1.385879129652846 0.14431064585575218 25 918.0 188.0 0.01 0.02 0.18
0.4 -9.2 -1.5434292991969247 1.3945953348130662 0.14431064526731477 25 918.0 186.0 0.03 0.0 0.31
0.4 -9.2 -1.5428055961939948 1.4033115401110638 0.1443106453764947 25 1026.0 171.0 0.01 0.0 0.06
0.4 -9.2 -1.543534680208888 1.4120276495512751 0.13320982634003306 25 1027.0 176.0 0.0 0.01 0.32
0.4 -9.2 -1.5429412563655036 1.4120276379551673 0.13320982543245133 25 1027.0 171.0 0.01 0.0 0.01
0.4 -9.2 -1.5424520214411874 1.4207438568328985 0.13320982693512134 25 1027.0 171.0 0.0 -0.01 -0.04
0.4 -9.2 -1.5415054996821544 1.4120276533777776 0.1221090187135471 25 1026.0 169.0 -0.02 -0.02 -0.27
0.4 -9.2 -1.5431832512232924 1.3945952315564896 0.11100820844376348 25 1026.0 170.0 -0.05 -0.02 -0.12
0.4 -9.2 -1.5426193912837167 1.3684465781331283 0.09990739509894683 25 1026.0 170.0 -0.05 -0.02 -0.03
0.4 -9.2 -1.541882677874293 1.3510141393324198 0.08880658333864096 25 1027.0 170.0 -0.05 -0.01 0.0
0.4 -9.2 -1.5421725948664806 1.3422979184465091 0.08880658191055746 25 915.0 185.0 -0.04 0.0 0.01
0.4 -9.2 -1.5421208580348154 1.3422979121420877 0.07770577292673421 25 916.0 191.0 0.04 0.0 0.01
0.4 -9.2 -1.5410660942408703 1.3510141288615776 0.07770577373863116 25 917.0 191.0 0.04 0.0 0.02
0.4 -9.2 -1.542356177172389 1.4120276423409805 0.05550416605909838 25 1024.0 180.0 0.03 0.0 0.0
0.4 -9.2 -1.5446397503230236 1.4120276356359276 0.06660497401569154 25 1026.0 181.0 0.01 0.01 0.0
0.4 -9.2 -1.541391058764186 1.4120276345813683 0.06660497418606183 25 1026.0 183.0 0.0 0.01 0.0
0.4 -9.2 -1.5396916111323498 1.4120276318571927 0.07770578239789738 25 1026.0 185.0 0.0 0.01 -0.01
0.4 -9.2 -1.5394472320887704 1.4033114127693629 0.07770578109477627 25 1025.0 185.0 -0.02 0.01 -0.02
0.4 -9.2 -1.5370992859217785 1.4033114085322371 0.08880658900064926 25 1026.0 185.0 0.0 0.01 -0.02
0.4 -9.2 -1.538079901537623 1.4033114050097506 0.08880658885761047 25 1026.0 184.0 0.0 0.0 -0.01
0.4 -9.2 -1.5375036438319347 1.3945951847923312 0.08880658697804708 25 1026.0 185.0 0.0 0.02 -0.01
0.4 -9.2 -1.5380305488917492 1.3945951827380005 0.09990739610659137 25 1026.0 185.0 -0.01 0.02 -0.01
0.4 -9.2 -1.5393838127467296 1.3945951837557233 0.09990739570071167 25 1026.0 185.0 -0.01 0.01 -0.01
0.4 -9.2 -1.5398067673060556 1.385878964034885 0.09990739480878608 25 1026.0 185.0 -0.01 0.0 0.0
0.4 -9.2 -1.539264841875758 1.377162745468195 0.09990739284041307 25 1026.0 185.0 -0.02 0.0 -0.01
0.4 -9.2 -1.5389861305567882 1.3684465284253826 0.09990739096995102 25 1026.0 185.0 -0.01 0.0 0.0
0.4 -9.2 -1.5383640964839123 1.368446526627302 0.09990739120911965 25 1025.0 184.0 -0.01 0.0 0.01
0.4 -9.2 -1.5384213169428964 1.3597303050715466 0.09990738959258946 25 1025.0 185.0 0.0 0.0 0.03
0.4 -9.2 -1.5376512249323984 1.351014079991951 0.09990738792135773 25 1024.0 185.0 -0.02 0.01 0.02
0.4 -9.2 -1.5359281738612311 1.3510140782336784 0.11100819702498131 25 1025.0 185.0 -0.01 0.0 0.01
0.4 -9.2 -1.536979122957911 1.351014080031759 0.11100819714994549 25 814.0 206.0 0.0 0.02 -0.02
0.4 -9.2 -1.5337924202296394 1.3510140828764428 0.12210900484914164 25 1025.0 186.0 0.0 0.03 -0.05
0.4 -9.2 -1.5372547348353527 1.3510140916119515 0.1332098146391284 25 1025.0 186.0 0.0 0.03 -0.05
0.4 -9.2 -1.53646199305984 1.351014102045957 0.14431062473189082 25 1025.0 186.0 0.0 0.01 -0.07
0.4 -9.2 -1.531673117480006 1.3510141140267793 0.14431062528065733 25 1025.0 185.0 0.0 0.01 -0.06
0.4 -9.2 -1.5329393585536142 1.3510141251356158 0.13320981773179275 25 1025.0 185.0 0.0 0.01 -0.04
0.4 -9.2 -1.5348376472804208 1.3422979122316991 0.12210900840906834 25 1026.0 186.0 0.0 -0.01 -0.01
0.4 -9.2 -1.5328106125208996 1.3422979013183818 0.0888065810228607 25 1026.0 186.0 0.0 -0.03 0.01
0.4 -9.2 -1.5318998535487316 1.3684465573849454 0.06660496705874326 25 1027.0 185.0 0.01 0.0 -0.03
0.4 -9.2 -1.532821579775538 1.3684465538913393 0.07770577598820923 25 1026.0 184.0 0.01 0.0 0.0
0.4 -9.2 -1.5319554050776623 1.3684465535145827 0.06660496714589807 25 1027.0 184.0 0.0 0.0 0.0
0.4 -9.2 -1.5312740047785902 1.3597303270886933 0.07770577457469666 25 1027.0 184.0 0.0 0.0 0.01
0.4 -9.2 -1.5313095291468761 1.3597303217940369 0.07770577365785981 25 1027.0 184.0 0.0 0.0 0.02
0.4 -9.2 -1.53229300578567 1.3597303158773013 0.07770577367243074 25 1028.0 185.0 0.01 0.0 0.01
0.4 -9.2 -1.5339068611476088 1.3597303116481319 0.07770577310543586 25 1028.0 184.0 0.0 0.0 0.01
0.4 -9.2 -1.5313438614222663 1.3597303085471997 0.07770577320322052 25 1028.0 184.0 0.0 0.0 0.01
0.4 -9.2 -1.5301689346644542 1.3597303050615515 0.07770577329569113 25 1028.0 184.0 0.0 0.0 0.01
0.4 -9.2 -1.529057904085841 1.351014082727054 0.08880657986560342 25 1028.0 184.0 0.0 0.0 0.0
0.4 -9.2 -1.5297862728449965 1.351014081350526 0.08880657961733343 25 1028.0 184.0 0.0 0.0 0.01
0.4 -9.2 -1.5274042328211925 1.3510140778828308 0.09990738826209833 25 1027.0 186.0 0.0 0.0 0.02
0.4 -9.2 -1.5288049419734142 1.3510140758255285 0.09990738694104015 25 1026.0 186.0 0.0 0.01 0.01
0.4 -9.2 -1.5298487385127206 1.3597302925234347 0.11100819803477235 25 1027.0 185.0 0.01 0.01 0.0
0.4 -9.2 -1.5307971676203866 1.3684465119511846 0.12210900648817112 25 1026.0 185.0 0.01 0.0 0.0
0.4 -9.2 -1.5303310592982435 1.377162733655647 0.1221090089583999 25 1026.0 185.0 0.01 0.0 0.0
0.4 -9.2 -1.5299855907771251 1.3771627353800509 0.1221090089764763 25 1026.0 185.0 0.03 0.01 -0.02
0.4 -9.2 -1.5348970135066171 1.4468924972640567 0.12210902221863847 25 1026.0 185.0 0.33 0.02 -0.01
0.4 -9.2 -1.533907814821925 1.6560817773229215 0.1332098703673587 25 1025.0 185.0 0.72 0.03 -0.01
0.4 -9.2 -1.5315996845576425 2.004730576451827 0.15541156724720365 25 1028.0 183.0 1.03 0.04 -0.01
0.4 -9.2 -1.5383893688532972 3.015812093327816 0.22201673680200043 25 940.0 192.0 1.46 0.07 -0.01
0.4 -9.2 -1.5327653129908703 4.270947757464908 0.2997229698526282 25 1086.0 176.0 1.48 0.09 0.03
0.4 -9.2 -1.519834919771876 4.541150560750372 0.32192473575726294 25 976.0 192.0 1.26 0.09 0.02
0.4 -9.2 -1.518775626024928 4.750339836030353 0.3330256654413196 25 996.0 189.0 0.9 0.07 -0.04
0.4 -9.2 -1.5267235477778573 5.003110210387462 0.36632824649908163 25 920.0 194.0 0.43 0.05 -0.02
0.4 -9.2 -1.5271994312617443 5.133853512049881 0.3774291392215573 25 1142.0 171.0 0.23 0.0 0.01
0.4 -9.2 -1.524771376452174 5.212299527935405 0.3330259545001395 25 1148.0 172.0 0.12 -0.23 -0.05
0.4 -9.2 -1.5275854309413097 5.229732016326609 0.266421114370057 25 1039.0 186.0 0.09 -0.36 -0.05
0.4 -9.2 -1.5294210155818124 5.247164509870365 0.18871546519032006 25 1152.0 169.0 0.05 -0.45 -0.05
0.4 -9.2 -1.5308310230586193 5.2558807870667925 0.09990900162921564 25 942.0 191.0 0.03 -0.49 -0.05
0.4 -9.2 -1.529877348742213 5.264597077681802 1.7291085109580356e-06 25 1155.0 169.0 0.0 -0.43 -0.1
0.4 -9.2 -1.530165596804347 5.264597137819227 -0.07770393106371054 25 1044.0 186.0 -0.02 -0.35 -0.02
0.4 -9.2 -1.5297548015925548 5.247164782665082 -0.2109136471730234 25 941.0 207.0 -0.04 -0.12 0.0
0.4 -9.2 -1.530175133547511 5.229732358735731 -0.23311527573072371 25 1157.0 187.0 -0.07 -0.09 0.0
0.4 -9.2 -1.5300466259333751 5.212299926480573 -0.24421609606446845 25 944.0 214.0 -0.1 -0.07 0.0
0.4 -9.2 -1.5281063755366462 5.194867499315222 -0.2664177246704139 25 1158.0 192.0 -0.12 -0.05 0.0
0.4 -9.2 -1.5276309688899183 5.168718842438745 -0.27751854991032293 25 942.0 214.0 -0.14 -0.04 0.0
0.4 -9.2 -1.5293628414485119 5.133853958898902 -0.2775185726807631 25 1153.0 192.0 -0.15 -0.02 -0.01
0.4 -9.2 -1.531579895815577 5.098989082852688 -0.2886194032724624 25 942.0 214.0 -0.13 -0.01 -0.01
0.4 -9.2 -1.5320157249781752 5.046691749377421 -0.27751862822241885 25 941.0 215.0 -0.09 0.03 0.0
0.4 -9.2 -1.525557442507472 5.011826866617936 -0.2775186504620169 25 1150.0 196.0 -0.11 0.0 0.0
0.4 -9.2 -1.5202006538722177 4.968245761984781 -0.2775186764260385 25 1039.0 210.0 -0.25 -0.05 -0.01
0.4 -9.2 -1.5202006538722177 4.968245761984781 -0.2775186764260385 25 939.0 217.0 -0.25 -0.05 -0.01
0.4 -9.2 -1.5193065842005868 4.776488938698071 -0.33302283596865084 25 936.0 217.0 -0.69 -0.13 -0.01
0.4 -9.2 -1.5193065842005868 4.776488938698071 -0.33302283596865084 25 1146.0 197.0 -0.69 -0.13 -0.01
0.4 -9.2 -1.5142771442744396 4.410407694128372 -0.3996278978146257 25 1148.0 193.0 -1.12 -0.16 0.0
0.4 -9.2 -1.5142771442744396 4.410407694128372 -0.3996278978146257 25 939.0 215.0 -1.12 -0.16 0.0
0.4 -9.2 -1.5355936725947523 3.721826287883086 -0.4884347138138299 25 1133.0 195.0 -0.89 -0.1 -0.02
0.4 -9.2 -1.5388006409022472 3.3295963509072393 -0.49953569438717593 25 887.0 222.0 -0.23 -0.02 0.04
0.4 -9.2 -1.5330976684901378 3.259866594508842 -0.5550397637686607 25 882.0 219.0 -0.1 -0.28 0.01
0.4 -9.2 -1.5354387005183359 3.2337179654591752 -0.63274543439643 25 1088.0 202.0 -0.07 -0.47 0.0
0.4 -9.2 -1.5335857113215585 3.207569494976598 -1.0545761794116058 25 972.0 214.0 -0.03 -0.75 -0.11
0.4 -9.2 -1.5303196152064467 3.198853389065094 -1.298793980146502 25 970.0 220.0 0.01 -0.43 0.06
0.4 -9.2 -1.528006239733424 3.207569665309121 -1.398701259214032 25 972.0 238.0 0.03 -0.15 0.02
0.4 -9.2 -1.533921881518092 3.2162858919418436 -1.4431044856600397 25 970.0 243.0 0.03 -0.07 0.22
0.4 -9.2 -1.5365850170466564 3.2162857119548347 -1.465306016285237 25 1083.0 233.0 0.0 -0.03 1.65
0.4 -9.2 -1.5413676937434337 3.216285500016139 -1.465305919394521 25 970.0 247.0 0.0 -0.02 2.49
0.4 -9.2 -1.5450708111140392 3.216285199323717 -1.4542049777221009 25 972.0 247.0 0.02 -0.01 3.2
0.4 -9.2 -1.5470937927577162 3.2250010714777795 -1.4542048166422474 25 1085.0 236.0 0.04 -0.03 3.67
0.4 -9.2 -1.5395657261225841 3.259865202191071 -1.4542044685025692 25 972.0 240.0 0.08 -0.01 4.07
0.4 -9.2 -1.5318013866755624 3.2685810516699165 -1.454204301065773 25 1090.0 214.0 0.07 -0.05 3.89
0.4 -9.2 -1.52514402469131 3.2947293455508526 -1.4542041332676037 25 867.0 238.0 0.12 0.02 3.27
0.4 -9.2 -1.52514402469131 3.2947293455508526 -1.4542041332676037 25 975.0 229.0 0.12 0.02 3.27
0.4 -9.2 -1.5307254036280775 3.373174770689074 -1.3875990998020158 25 1102.0 198.0 0.23 0.22 1.65
0.4 -9.2 -1.5307254036280775 3.373174770689074 -1.3875990998020158 25 978.0 213.0 0.23 0.22 1.65
0.4 -9.2 -1.5305241783473156 3.4516204802077715 -1.298792612888229 25 855.0 201.0 0.12 0.17 0.15
0.4 -9.2 -1.5305241783473156 3.4516204802077715 -1.298792612888229 25 979.0 189.0 0.12 0.17 0.15
0.4 -9.2 -1.5305241783473156 3.4516204802077715 -1.298792612888229 25 1110.0 170.0 0.12 0.17 0.15
0.4 -9.2 -1.5315927704188486 3.4516204578468637 -1.2543894198675973 25 984.0 174.0 -0.09 0.1 -0.44
0.4 -9.2 -1.5315927704188486 3.4516204578468637 -1.2543894198675973 25 1123.0 161.0 -0.09 0.1 -0.44
0.4 -9.2 -1.5290903290125983 3.4167556686125518 -1.2432886608945843 25 861.0 182.0 -0.22 0.07 -1.08
0.4 -9.2 -1.5297884186122082 3.294728958091908 -1.2321880211415537 25 987.0 164.0 -0.36 0.01 -1.77
0.4 -9.2 -1.5297884186122082 3.294728958091908 -1.2321880211415537 25 1128.0 153.0 -0.36 0.01 -1.77
0.4 -9.2 -1.5297884186122082 3.294728958091908 -1.2321880211415537 25 862.0 174.0 -0.36 0.01 -1.77
0.4 -9.2 -1.5315262516352794 3.129121217334686 -1.2432890147926061 25 985.0 164.0 -0.44 -0.02 -1.5
0.4 -9.2 -1.5315262516352794 3.129121217334686 -1.2432890147926061 25 860.0 181.0 -0.44 -0.02 -1.5
0.4 -9.2 -1.5330251892420907 3.0419591758769022 -1.254389892749688 25 1124.0 150.0 -0.43 -0.03 -0.94
0.4 -9.2 -1.533078833422389 2.9547970814303617 -1.2654907486357003 25 1111.0 159.0 -0.42 -0.04 -0.48
0.4 -9.2 -1.535332127413478 2.8066214520767594 -1.298793215709849 25 1101.0 170.0 -0.29 -0.03 -0.02
0.4 -9.2 -1.535332127413478 2.8066214520767594 -1.298793215709849 25 970.0 186.0 -0.29 -0.03 -0.02
0.4 -9.2 -1.537396355471339 2.719459274297988 -1.2987932369756963 25 963.0 188.0 -0.12 0.0 0.07
0.4 -9.2 -1.537396355471339 2.719459274297988 -1.2987932369756963 25 1091.0 175.0 -0.12 0.0 0.07
0.4 -9.2 -1.5382737358424325 2.702026822153828 -1.2987932323729983 25 1085.0 177.0 0.03 0.02 0.05
0.4 -9.2 -1.5382737358424325 2.702026822153828 -1.2987932323729983 25 837.0 205.0 0.03 0.02 0.05
0.4 -9.2 -1.5345122059199474 2.745607880469192 -1.2876924088107518 25 1082.0 177.0 0.14 0.02 0.06
0.4 -9.2 -1.5345122059199474 2.745607880469192 -1.2876924088107518 25 951.0 192.0 0.14 0.02 0.06
0.4 -9.2 -1.534947796663966 2.7717565148939336 -1.2765915960800727 25 831.0 200.0 0.16 0.02 0.07
0.4 -9.2 -1.5371064384791508 2.8066213670545452 -1.265490780338401 25 1080.0 179.0 0.18 0.01 0.06
0.4 -9.2 -1.5356342037531994 2.8502024388498985 -1.2654907624517127 25 948.0 192.0 0.19 0.01 0.05
0.4 -9.2 -1.5321642597529552 2.8850672931455374 -1.254389948792007 25 1080.0 178.0 0.19 0.0 0.06
0.4 -9.2 -1.5307430466029308 2.9199321488653256 -1.2543899333965713 25 948.0 191.0 0.17 0.0 0.05
0.4 -9.2 -1.5307430466029308 2.9199321488653256 -1.2543899333965713 25 831.0 200.0 0.17 0.0 0.05
0.4 -9.2 -1.5322024067256113 2.98966185781242 -1.254389901994483 25 1083.0 173.0 0.13 -0.02 0.03
0.4 -9.2 -1.5322024067256113 2.98966185781242 -1.254389901994483 25 834.0 201.0 0.13 -0.02 0.03
0.4 -9.2 -1.5322024067256113 2.98966185781242 -1.254389901994483 25 956.0 188.0 0.13 -0.02 0.03
0.4 -9.2 -1.5324181755396984 3.033242924547782 -1.2543898818115136 25 960.0 188.0 0.08 -0.03 0.0
0.4 -9.2 -1.5324181755396984 3.033242924547782 -1.2543898818115136 25 839.0 200.0 0.08 -0.03 0.0
0.4 -9.2 -1.5320755680415292 3.0506753558038424 -1.2654906734605924 25 1089.0 171.0 0.06 -0.04 0.0
0.4 -9.2 -1.5321475704524181 3.0593915736882713 -1.2765914695924252 25 966.0 187.0 0.03 -0.04 -0.02
0.4 -9.2 -1.532659693560328 3.059391572918841 -1.276591468874793 25 1093.0 172.0 0.02 -0.04 -0.02
0.4 -9.2 -1.5332218845698495 3.0681077938073145 -1.2876922672557751 25 968.0 188.0 0.01 -0.05 -0.04
0.4 -9.2 -1.5332776745173597 3.068107800180939 -1.2987930692511134 25 1096.0 171.0 0.0 -0.05 -0.05
0.4 -9.2 -1.534659071764674 3.068107804978865 -1.3098938689543038 25 969.0 189.0 0.0 -0.05 -0.05
0.4 -9.2 -1.5341965397212167 3.0593916043285736 -1.3320954753223764 25 970.0 190.0 -0.02 -0.03 -0.05
0.4 -9.2 -1.53272287448379 3.059391610516801 -1.3320954780462695 25 1102.0 176.0 -0.02 -0.01 -0.04
0.4 -9.2 -1.5325028141352794 3.05067539971268 -1.3320954838499517 25 972.0 192.0 -0.02 0.0 -0.03
0.4 -9.2 -1.5327350338313244 3.0506754043511193 -1.332095486022924 25 1103.0 176.0 -0.01 0.01 -0.03
0.4 -9.2 -1.5327350338313244 3.0506754043511193 -1.332095486022924 25 853.0 200.0 -0.01 0.01 -0.03
0.4 -9.2 -1.53226916392776 3.0419591989277475 -1.320994695075912 25 971.0 192.0 -0.03 0.02 0.0
0.4 -9.2 -1.53226916392776 3.0419591989277475 -1.320994695075912 25 852.0 201.0 -0.03 0.02 0.0
0.4 -9.2 -1.53226916392776 3.0419591989277475 -1.320994695075912 25 1101.0 179.0 -0.03 0.02 0.0
0.4 -9.2 -1.5335828502986095 3.033242984490775 -1.309893900276115 25 972.0 193.0 0.0 0.04 -0.01
0.4 -9.2 -1.532750531038966 3.0332429808579215 -1.2987931004008961 25 1101.0 179.0 0.0 0.04 0.0
0.4 -9.2 -1.5324536999079843 3.024526765489038 -1.298793103560589 25 972.0 192.0 0.0 0.03 0.01
0.4 -9.2 -1.5343393524500988 3.02452676147147 -1.287692302598293 25 851.0 200.0 0.0 0.01 0.01
0.4 -9.2 -1.5343393524500988 3.02452676147147 -1.287692302598293 25 1102.0 176.0 0.0 0.01 0.01
0.4 -9.2 -1.5347847183558605 3.0245267598957732 -1.2876923017626707 25 1102.0 179.0 0.0 0.0 0.02
0.4 -9.2 -1.5347847183558605 3.0245267598957732 -1.2876923017626707 25 972.0 192.0 0.0 0.0 0.02
0.4 -9.2 -1.5347847183558605 3.0245267598957732 -1.2876923017626707 25 854.0 200.0 0.0 0.0 0.02
0.4 -9.2 -1.5324274738642834 3.0158105419116126 -1.2876923039930226 25 972.0 191.0 -0.01 0.0 0.01
0.4 -9.2 -1.5324274738642834 3.0158105419116126 -1.2876923039930226 25 1103.0 179.0 -0.01 0.0 0.01
0.4 -9.2 -1.532823487124171 3.015810545011189 -1.2876923054589942 25 973.0 191.0 0.0 -0.01 0.0
0.4 -9.2 -1.532823487124171 3.015810545011189 -1.2876923054589942 25 1104.0 178.0 0.0 -0.01 0.0
0.4 -9.2 -1.5329639156672616 3.007094335161896 -1.2987931105234916 25 852.0 198.0 0.0 -0.02 0.0
0.4 -9.2 -1.5322229107234142 3.0070943405806934 -1.2987931121656215 25 1103.0 176.0 0.0 -0.03 -0.02
0.4 -9.2 -1.5332197388026376 3.0070943492107913 -1.309893914287925 25 972.0 191.0 0.0 -0.03 -0.01
0.4 -9.2 -1.5331079204890392 3.0070943511712045 -1.3098939154823641 25 974.0 191.0 0.0 -0.03 0.0
0.4 -9.2 -1.5324806412074228 3.0158105709901357 -1.3209947128880626 25 1104.0 176.0 0.02 -0.02 -0.01
0.4 -9.2 -1.5324806412074228 3.0158105709901357 -1.3209947128880626 25 856.0 199.0 0.02 -0.02 -0.01
0.4 -9.2 -1.5349325378749035 3.024526784177432 -1.3320955077587227 25 975.0 191.0 0.04 -0.01 -0.01
0.4 -9.2 -1.5349325378749035 3.024526784177432 -1.3320955077587227 25 1106.0 175.0 0.04 -0.01 -0.01
0.4 -9.2 -1.5349325378749035 3.024526784177432 -1.3320955077587227 25 855.0 202.0 0.04 -0.01 -0.01
0.4 -9.2 -1.5383385856959482 3.041959210709242 -1.3320954992335907 25 859.0 205.0 0.04 0.0 -0.02
0.4 -9.2 -1.5383385856959482 3.041959210709242 -1.3320954992335907 25 977.0 191.0 0.04 0.0 -0.02
0.4 -9.2 -1.5426067550990246 3.0593916385426954 -1.3209946915746122 25 862.0 201.0 0.01 0.03 0.0
0.4 -9.2 -1.5426067550990246 3.0593916385426954 -1.3209946915746122 25 979.0 190.0 0.01 0.03 0.0
0.4 -9.2 -1.5411373813960212 3.059391636049007 -1.309893891242667 25 860.0 204.0 0.0 0.04 0.02
0.4 -9.2 -1.5411373813960212 3.059391636049007 -1.309893891242667 25 1106.0 177.0 0.0 0.04 0.02
0.4 -9.2 -1.5389935215327404 3.0593916283617477 -1.2876922906406614 25 1109.0 174.0 0.0 0.02 0.01
0.4 -9.2 -1.5389935215327404 3.0593916283617477 -1.2876922906406614 25 865.0 201.0 0.0 0.02 0.01
0.4 -9.2 -1.5393523414942882 3.0593916322307564 -1.2876922928242651 25 979.0 191.0 0.0 0.01 0.01
0.4 -9.2 -1.5398599346491952 3.0593916316865535 -1.2765914945711005 25 1109.0 174.0 -0.01 0.0 0.01
0.4 -9.2 -1.5391592224452162 3.050675420882433 -1.2765915000106518 25 863.0 201.0 0.0 0.0 0.0
0.4 -9.2 -1.5391592224452162 3.050675420882433 -1.2765915000106518 25 979.0 191.0 0.0 0.0 0.0
0.4 -9.2 -1.5399710377070568 3.050675435947839 -1.2765915059167607 25 863.0 200.0 -0.01 0.0 0.0
0.4 -9.2 -1.5399710377070568 3.050675435947839 -1.2765915059167607 25 981.0 189.0 -0.01 0.0 0.0
0.4 -9.2 -1.5399710377070568 3.050675435947839 -1.2765915059167607 25 1109.0 174.0 -0.01 0.0 0.0
0.4 -9.2 -1.5402304371211195 3.050675451808587 -1.2765915128252028 25 862.0 203.0 0.0 0.0 -0.01
0.4 -9.2 -1.5391856869074962 3.0506754622505374 -1.2765915177273839 25 981.0 188.0 0.0 -0.01 -0.02
0.4 -9.2 -1.537840290865626 3.050675472666577 -1.276591521252469 25 861.0 203.0 0.0 -0.01 -0.04
0.4 -9.2 -1.537840290865626 3.050675472666577 -1.276591521252469 25 981.0 188.0 0.0 -0.01 -0.04
0.4 -9.2 -1.5359448631617685 3.050675499898194 -1.2876923316750737 25 861.0 203.0 0.0 -0.02 -0.04
0.4 -9.2 -1.5359448631617685 3.050675499898194 -1.2876923316750737 25 981.0 188.0 0.0 -0.02 -0.04
0.4 -9.2 -1.535814209780421 3.059391733654298 -1.2987931345592674 25 861.0 203.0 0.0 -0.02 -0.02
0.4 -9.2 -1.535814209780421 3.059391733654298 -1.2987931345592674 25 981.0 188.0 0.0 -0.02 -0.02
0.4 -9.2 -1.5385586460444591 3.059391740823262 -1.309893936828677 25 982.0 188.0 0.0 -0.01 -0.01
0.4 -9.2 -1.5385586460444591 3.059391740823262 -1.309893936828677 25 863.0 201.0 0.0 -0.01 -0.01
0.4 -9.2 -1.5408698757502697 3.0593917396322787 -1.30989393635187 25 982.0 189.0 0.02 -0.01 0.0
0.4 -9.2 -1.5408698757502697 3.0593917396322787 -1.30989393635187 25 864.0 201.0 0.02 -0.01 0.0
0.4 -9.2 -1.537639065584864 3.0681079586599247 -1.3209947344444917 25 1110.0 171.0 0.06 -0.01 -0.01
0.4 -9.2 -1.5345024307582042 3.0681079627034014 -1.332095535691489 25 982.0 189.0 0.04 -0.02 -0.02
0.4 -9.2 -1.5326561172816417 3.0681079711600914 -1.3542971373752544 25 862.0 204.0 0.04 -0.03 -0.04
0.4 -9.2 -1.5325507362696786 3.059391771043075 -1.3875995443373588 25 982.0 190.0 0.0 -0.04 -0.03
0.4 -9.2 -1.5326918800685072 3.0419593529321767 -1.4320027544990142 25 861.0 204.0 0.0 -0.06 -0.02
0.4 -9.2 -1.5324258049342296 3.0245269364937184 -1.4875067633414492 25 983.0 189.0 0.0 -0.08 -0.01
0.4 -9.2 -1.533728047213282 3.00709452005526 -1.5430107729121463 25 1112.0 175.0 -0.01 -0.09 -0.01
0.4 -9.2 -1.533728047213282 3.00709452005526 -1.5430107729121463 25 864.0 204.0 -0.01 -0.09 -0.01
0.4 -9.2 -1.5318714817378185 2.9635134812429804 -1.6762203954850003 25 864.0 205.0 -0.01 -0.09 -0.02
0.4 -9.2 -1.5318714817378185 2.9635134812429804 -1.6762203954850003 25 984.0 191.0 -0.01 -0.09 -0.02
0.4 -9.2 -1.5318714817378185 2.9635134812429804 -1.6762203954850003 25 1113.0 176.0 -0.01 -0.09 -0.02
0.4 -9.2 -1.5314387520167492 2.9199324534658295 -1.8316316223629965 25 864.0 205.0 -0.02 -0.11 -0.02
0.4 -9.2 -1.5314387520167492 2.9199324534658295 -1.8316316223629965 25 984.0 191.0 -0.02 -0.11 -0.02
0.4 -9.2 -1.532441063723292 2.9025000463722357 -1.909337232599828 25 1114.0 177.0 -0.03 -0.11 -0.02
0.4 -9.2 -1.5332800587031505 2.885067638893926 -1.9870428432061062 25 864.0 206.0 -0.02 -0.12 -0.01
0.4 -9.2 -1.532663746676173 2.867635227039243 -2.053647653140107 25 984.0 191.0 -0.03 -0.12 -0.01
0.4 -9.2 -1.532663746676173 2.867635227039243 -2.053647653140107 25 1112.0 181.0 -0.03 -0.12 -0.01
0.4 -9.2 -1.5320066650721686 2.832770409822246 -2.1979580739964457 25 864.0 206.0 -0.03 -0.13 -0.01
0.4 -9.2 -1.5320066650721686 2.832770409822246 -2.1979580739964457 25 983.0 193.0 -0.03 -0.13 -0.01
0.4 -9.2 -1.5320066650721686 2.832770409822246 -2.1979580739964457 25 1111.0 180.0 -0.03 -0.13 -0.01
0.4 -9.2 -1.5322083671900888 2.8153380284398457 -2.3422684931430857 25 865.0 207.0 -0.01 -0.12 -0.02
0.4 -9.2 -1.5322083671900888 2.8153380284398457 -2.3422684931430857 25 984.0 194.0 -0.01 -0.12 -0.02
0.4 -9.2 -1.533416910967555 2.806621837331953 -2.408873302654697 25 1112.0 176.0 -0.01 -0.12 -0.01
0.4 -9.2 -1.5346235473963878 2.797905638574847 -2.4643773099571287 25 985.0 191.0 -0.01 -0.13 -0.01
0.4 -9.2 -1.5342342098567148 2.789189441441207 -2.5198813184318554 25 865.0 207.0 -0.02 -0.13 -0.01
0.4 -9.2 -1.5333689888331554 2.780473243090674 -2.5753853243244187 25 985.0 191.0 -0.02 -0.12 -0.02
0.4 -9.2 -1.53310768207046 2.7804732621799504 -2.630889329729988 25 866.0 206.0 -0.02 -0.12 -0.02
0.4 -9.2 -1.53310768207046 2.7804732621799504 -2.630889329729988 25 1111.0 179.0 -0.02 -0.12 -0.02
0.4 -9.2 -1.5359045704219003 2.7630408597439544 -2.70859494605281 25 865.0 202.0 -0.03 -0.1 -0.03
0.4 -9.2 -1.5359045704219003 2.7630408597439544 -2.70859494605281 25 984.0 190.0 -0.03 -0.1 -0.03
0.4 -9.2 -1.5366663177821298 2.7456084517215884 -2.764098963507236 25 866.0 201.0 -0.02 -0.1 -0.01
0.4 -9.2 -1.5366663177821298 2.7456084517215884 -2.764098963507236 25 984.0 192.0 -0.02 -0.1 -0.01
0.4 -9.2 -1.5351742943141125 2.7368922490286742 -2.8196029668876172 25 865.0 203.0 -0.01 -0.11 -0.01
0.4 -9.2 -1.5351742943141125 2.7368922490286742 -2.8196029668876172 25 984.0 189.0 -0.01 -0.11 -0.01
0.4 -9.2 -1.5354265411708017 2.728176047563583 -2.8751069712375563 25 983.0 189.0 0.0 -0.1 -0.01
0.4 -9.2 -1.5354265411708017 2.728176047563583 -2.8751069712375563 25 864.0 202.0 0.0 -0.1 -0.01
0.4 -9.2 -1.5348309715602064 2.7281760618399526 -2.919510173221972 25 984.0 187.0 0.0 -0.07 -0.01
0.4 -9.2 -1.5348309715602064 2.7281760618399526 -2.919510173221972 25 865.0 199.0 0.0 -0.07 -0.01
0.4 -9.2 -1.5359069546076913 2.728176074074149 -2.952812577335837 25 862.0 201.0 0.01 -0.06 -0.01
0.4 -9.2 -1.5359069546076913 2.728176074074149 -2.952812577335837 25 983.0 188.0 0.01 -0.06 -0.01
0.4 -9.2 -1.5346209247920173 2.7368922971003276 -2.9750141749889782 25 864.0 201.0 0.01 -0.02 -0.02
0.4 -9.2 -1.5346209247920173 2.7368922971003276 -2.9750141749889782 25 982.0 190.0 0.01 -0.02 -0.02
0.4 -9.2 -1.5353459556910654 2.7456085178918936 -2.99721576746929 25 863.0 200.0 0.01 0.0 -0.01
0.4 -9.2 -1.5353459556910654 2.7456085178918936 -2.99721576746929 25 981.0 190.0 0.01 0.0 -0.01
0.4 -9.2 -1.5344182689997816 2.7456085191537087 -3.008316565870683 25 861.0 202.0 0.01 0.0 0.0
0.4 -9.2 -1.5344182689997816 2.7456085191537087 -3.008316565870683 25 981.0 188.0 0.01 0.0 0.0
0.4 -9.2 -1.5339659889552257 2.7368923005569097 -3.019417364405096 25 861.0 202.0 0.0 0.02 -0.01
0.4 -9.2 -1.5339659889552257 2.7368923005569097 -3.019417364405096 25 981.0 188.0 0.0 0.02 -0.01
0.4 -9.2 -1.5387429436061044 2.7281760819888623 -3.01941736555687 25 981.0 188.0 0.0 0.03 -0.01
0.4 -9.2 -1.5387429436061044 2.7281760819888623 -3.01941736555687 25 863.0 197.0 0.0 0.03 -0.01
0.4 -9.2 -1.5371956070277357 2.7281760773245143 -3.0194173609144106 25 980.0 191.0 0.0 0.04 0.0
0.4 -9.2 -1.5371956070277357 2.7281760773245143 -3.0194173609144106 25 863.0 197.0 0.0 0.04 0.0
0.4 -9.2 -1.538199587664332 2.72817607154286 -3.019417354595862 25 981.0 188.0 0.01 0.04 0.0
0.4 -9.2 -1.538199587664332 2.72817607154286 -3.019417354595862 25 1109.0 170.0 0.01 0.04 0.0
0.4 -9.2 -1.538199587664332 2.72817607154286 -3.019417354595862 25 863.0 197.0 0.01 0.04 0.0
0.4 -9.2 -1.5382758816096447 2.7281760641855066 -3.0194173463492993 25 978.0 190.0 0.02 0.04 0.0
0.4 -9.2 -1.5382758816096447 2.7281760641855066 -3.0194173463492993 25 1107.0 173.0 0.02 0.04 0.0
0.4 -9.2 -1.5392638882014413 2.7281760552892944 -3.0194173359392122 25 1107.0 172.0 0.02 0.03 0.0
0.4 -9.2 -1.5392638882014413 2.7281760552892944 -3.0194173359392122 25 979.0 188.0 0.02 0.03 0.0
0.4 -9.2 -1.5396103103968761 2.736892269685377 -3.0305181271004775 25 978.0 190.0 0.02 0.03 0.0
0.4 -9.2 -1.5396103103968761 2.736892269685377 -3.0305181271004775 25 1107.0 172.0 0.02 0.03 0.0
0.4 -9.2 -1.5393277843806406 2.7368922657564667 -3.019417326472076 25 978.0 190.0 0.0 0.04 -0.02
0.4 -9.2 -1.5393277843806406 2.7368922657564667 -3.019417326472076 25 1107.0 172.0 0.0 0.04 -0.02
0.4 -9.2 -1.5401310165736337 2.7368922684604 -3.0194173288277066 25 978.0 190.0 0.0 0.04 -0.02
0.4 -9.2 -1.5401310165736337 2.7368922684604 -3.0194173288277066 25 1107.0 173.0 0.0 0.04 -0.02
0.4 -9.2 -1.5408174236628673 2.7368922684604 -3.0194173288277066 25 1106.0 172.0 0.0 0.02 -0.01
0.4 -9.2 -1.5408174236628673 2.7368922684604 -3.0194173288277066 25 978.0 189.0 0.0 0.02 -0.01
0.4 -9.2 -1.5404469211909435 2.736892267269417 -3.0194173279867687 25 1105.0 171.0 0.0 0.01 -0.01
0.4 -9.2 -1.5404469211909435 2.736892267269417 -3.0194173279867687 25 978.0 190.0 0.0 0.01 -0.01
0.4 -9.2 -1.540994330248561 2.7368922668847024 -3.0194173272638207 25 1105.0 171.0 -0.01 0.0 0.0
0.4 -9.2 -1.540994330248561 2.7368922668847024 -3.0194173272638207 25 978.0 189.0 -0.01 0.0 0.0
0.4 -9.2 -1.541779204210963 2.7368922673770877 -3.03051812385519 25 1104.0 170.0 -0.02 -0.01 0.0
0.4 -9.2 -1.541779204210963 2.7368922673770877 -3.03051812385519 25 977.0 189.0 -0.02 -0.01 0.0
0.4 -9.2 -1.5405959328028815 2.728176055549555 -3.052719725315939 25 1105.0 170.0 -0.02 -0.01 0.0
0.4 -9.2 -1.5405959328028815 2.728176055549555 -3.052719725315939 25 977.0 189.0 -0.02 -0.01 0.0
0.4 -9.2 -1.5400826176020759 2.7281760532303365 -3.0527197233191257 25 1105.0 170.0 -0.01 0.0 -0.01
0.4 -9.2 -1.5400826176020759 2.7281760532303365 -3.0527197233191257 25 977.0 188.0 -0.01 0.0 -0.01
0.4 -9.2 -1.542127295336451 2.7281760579396064 -3.0638205241449454 25 975.0 190.0 0.0 0.0 -0.01
0.4 -9.2 -1.542127295336451 2.7281760579396064 -3.0638205241449454 25 1103.0 171.0 0.0 0.0 -0.01
0.4 -9.2 -1.5399820049616955 2.7281760560419404 -3.0638205222714396 25 974.0 191.0 0.0 0.0 -0.02
0.4 -9.2 -1.5399820049616955 2.7281760560419404 -3.0638205222714396 25 1103.0 172.0 0.0 0.0 -0.02
0.4 -9.2 -1.5387994488093517 2.7281760536968127 -3.063820519625792 25 974.0 191.0 0.0 0.01 -0.02
0.4 -9.2 -1.5387994488093517 2.7281760536968127 -3.063820519625792 25 1103.0 173.0 0.0 0.01 -0.02
0.4 -9.2 -1.5394100387904306 2.7281760579396064 -3.0638205241449454 25 1103.0 172.0 0.0 0.0 -0.01
0.4 -9.2 -1.5394100387904306 2.7281760579396064 -3.0638205241449454 25 973.0 190.0 0.0 0.0 -0.01
0.4 -9.2 -1.5400201519343515 2.7281760587349457 -3.0638205258755424 25 1103.0 174.0 0.01 0.0 -0.01
0.4 -9.2 -1.5402654846522472 2.728176058324322 -3.0638205245037624 25 972.0 190.0 0.0 0.01 -0.01
0.4 -9.2 -1.5403784950587414 2.728176057580801 -3.063820524434964 25 1102.0 175.0 0.0 0.0 0.0
0.4 -9.2 -1.539964600405421 2.736892274188433 -3.0638205209963583 25 972.0 189.0 0.0 0.0 0.0
0.4 -9.2 -1.5395418842646742 2.7368922734449135 -3.06382052092756 25 1102.0 174.0 0.0 0.0 0.0
0.4 -9.2 -1.540044709047999 2.7368922707259973 -3.0638205163104937 25 973.0 189.0 0.0 0.0 0.0
0.4 -9.2 -1.5418984135005138 2.7281760553174332 -3.074921318101299 25 1102.0 174.0 -0.01 0.0 0.0
0.4 -9.2 -1.54322354396316 2.7281760526134984 -3.074921315381539 25 972.0 189.0 0.0 -0.01 0.0
0.4 -9.2 -1.5430623730036874 2.7281760514593536 -3.0749213139409606 25 1103.0 172.0 0.0 -0.01 -0.01
0.4 -9.2 -1.5425259312007091 2.728176051074638 -3.0749213135821454 25 973.0 189.0 0.0 -0.01 -0.01
0.4 -9.2 -1.5425533493373058 2.7368922708785894 -3.0860221105470615 25 1102.0 172.0 0.0 -0.01 -0.02
0.4 -9.2 -1.5430523594233656 2.7368922708785894 -3.0860221105470615 25 973.0 189.0 0.0 0.0 -0.02
0.4 -9.2 -1.5416235168788097 2.7368922708785894 -3.0860221105470615 25 973.0 189.0 0.0 0.0 -0.03
0.4 -9.2 -1.540746851763453 2.7368922724174505 -3.086022112710586 25 1104.0 176.0 0.0 0.0 -0.03
0.4 -9.2 -1.5419816215846207 2.736892281010708 -3.097122918345578 25 972.0 189.0 0.0 0.0 -0.02
0.4 -9.2 -1.5419816215846207 2.736892281010708 -3.097122918345578 25 1103.0 176.0 0.0 0.0 -0.02
0.4 -9.2 -1.5399898727748058 2.7543247201918204 -3.09712291660937 25 972.0 189.0 0.0 0.0 -0.02
0.4 -9.2 -1.5399898727748058 2.7543247201918204 -3.09712291660937 25 1103.0 176.0 0.0 0.0 -0.02
0.4 -9.2 -1.5389045914027355 2.7543247228848258 -3.0971229198493417 25 973.0 189.0 0.0 0.0 -0.02
0.4 -9.2 -1.5389045914027355 2.7543247228848258 -3.0971229198493417 25 1104.0 176.0 0.0 0.0 -0.02
0.4 -9.2 -1.5410813530299325 2.76304093914458 -3.0971229158164113 25 1103.0 174.0 0.0 0.0 -0.01
0.4 -9.2 -1.5410813530299325 2.76304093914458 -3.0971229158164113 25 972.0 190.0 0.0 0.0 -0.01
0.4 -9.2 -1.5411473949763441 2.763040939636965 -3.108223713500174 25 1103.0 173.0 0.0 0.0 -0.02
0.4 -9.2 -1.5411473949763441 2.763040939636965 -3.108223713500174 25 973.0 190.0 0.0 0.0 -0.02
0.4 -9.2 -1.5408810814234872 2.7717571559963066 -3.108223709280927 25 1103.0 173.0 0.0 0.0 -0.02
0.4 -9.2 -1.5410553654048107 2.7717571548053237 -3.108223708439989 25 973.0 190.0 0.01 0.0 -0.02
0.4 -9.2 -1.5415775020930431 2.7717571572063022 -3.1193245052922607 25 1103.0 174.0 0.0 0.0 -0.02
0.4 -9.2 -1.5418569286677504 2.7804733730813442 -3.119324500900515 25 973.0 191.0 0.0 0.0 -0.03
0.4 -9.2 -1.5415150364253183 2.7804733734660587 -3.119324501259332 25 1104.0 173.0 0.01 0.0 -0.03
0.4 -9.2 -1.5406343181941171 2.780473373824864 -3.1193245009693134 25 973.0 191.0 0.0 0.0 -0.03
0.4 -9.2 -1.539375468096461 2.780473375389634 -3.1193245037816717 25 1104.0 174.0 0.0 0.0 -0.03
0.4 -9.2 -1.5389324863764902 2.78047337654378 -3.1193245055863814 25 973.0 191.0 0.0 0.0 -0.04
0.4 -9.2 -1.5396839817378187 2.7804733785151208 -3.1193245066247393 25 975.0 191.0 0.0 -0.02 -0.04
0.4 -9.2 -1.5405301292750497 2.7804733851479675 -3.130425310701161 25 1104.0 174.0 0.0 -0.02 -0.04
0.4 -9.2 -1.5404700477931166 2.7804733874562566 -3.1304253135823177 25 975.0 191.0 0.0 -0.01 -0.04
0.4 -9.2 -1.539567633471217 2.7804733926129894 -3.1415261155444085 25 1104.0 173.0 0.0 -0.02 -0.03
0.4 -9.2 -1.5384465893122814 2.7804733933824197 -3.141526116990301 25 975.0 191.0 0.0 -0.02 -0.02
0.4 -9.2 -1.5380014618250988 2.7804733965419013 -3.1526269172652013 25 1104.0 174.0 0.0 -0.01 -0.03
0.4 -9.2 -1.5377723415705822 2.7804733965419013 -3.1526269172652013 25 1104.0 176.0 0.01 -0.01 -0.03
0.4 -9.2 -1.5379788120600844 2.7804734024421536 -3.163727719296092 25 975.0 191.0 0.01 -0.01 -0.03
0.4 -9.2 -1.539745970568385 2.7891896241984337 -3.1637277214007082 25 1104.0 176.0 0.01 -0.01 -0.03
0.4 -9.2 -1.540885372957911 2.7891896280824238 -3.1637277262098804 25 973.0 191.0 0.01 -0.01 -0.05
0.4 -9.2 -1.540885372957911 2.7891896280824238 -3.1637277262098804 25 855.0 202.0 0.01 -0.01 -0.05
0.4 -9.2 -1.5414537628504894 2.7979058638398313 -3.1748285393890088 25 1104.0 178.0 0.01 -0.01 -0.05
0.4 -9.2 -1.5414537628504894 2.7979058638398313 -3.1748285393890088 25 973.0 192.0 0.01 -0.01 -0.05
0.4 -9.2 -1.5414537628504894 2.7979058638398313 -3.1748285393890088 25 854.0 204.0 0.01 -0.01 -0.05
0.4 -9.2 -1.54027001460525 2.8066220921949636 -3.1748285477740863 25 1104.0 177.0 0.01 0.0 -0.04
0.4 -9.2 -1.54027001460525 2.8066220921949636 -3.1748285477740863 25 975.0 192.0 0.01 0.0 -0.04
0.4 -9.2 -1.5378393371913095 2.806622103518065 -3.1859293564135394 25 1104.0 177.0 0.02 0.0 -0.04
0.4 -9.2 -1.5378393371913095 2.806622103518065 -3.1859293564135394 25 976.0 193.0 0.02 0.0 -0.04
0.4 -9.2 -1.5370287140223644 2.815338322855543 -3.1859293567076596 25 1104.0 178.0 0.01 0.0 -0.04
0.4 -9.2 -1.5370287140223644 2.815338322855543 -3.1859293567076596 25 978.0 195.0 0.01 0.0 -0.04
0.4 -9.2 -1.5387388904902601 2.8240545465803213 -3.1970301575179767 25 1106.0 182.0 0.01 -0.01 -0.03
0.4 -9.2 -1.5402311523768564 2.8240545488995403 -3.19703015951479 25 1106.0 183.0 0.01 0.0 -0.03
0.4 -9.2 -1.5406643589350841 2.8327707711591343 -3.208130958054696 25 1106.0 183.0 0.0 0.0 -0.02
0.4 -9.2 -1.5414430340144298 2.8327707700049896 -3.208130956249987 25 861.0 203.0 0.0 0.0 -0.01
0.4 -9.2 -1.541242047152247 2.8327707676598606 -3.2081309539684706 25 1107.0 180.0 0.01 0.0 -0.01
0.4 -9.2 -1.5408000191065927 2.832770766505716 -3.2081309521637627 25 861.0 204.0 0.01 0.0 0.0
0.4 -9.2 -1.5402580936762948 2.8327707653515692 -3.2081309507231843 25 1107.0 180.0 0.02 0.01 0.0
0.4 -9.2 -1.5394918163630624 2.8414869804462515 -3.2081309461340184 25 861.0 205.0 0.02 0.0 0.0
0.4 -9.2 -1.5389332016322277 2.8414869785226764 -3.2081309432475478 25 1107.0 180.0 0.02 0.0 0.0
0.4 -9.2 -1.5375544269892834 2.8502031991357413 -3.208130942663113 25 861.0 204.0 0.03 0.0 -0.17
0.4 -9.2 -1.5330089767787118 2.8502032387260248 -3.208130987521766 25 1106.0 180.0 0.02 0.0 -0.77
0.4 -9.2 -1.5309230526301525 2.8589195660623354 -3.208131107611304 25 861.0 204.0 0.04 0.0 -1.59
0.4 -9.2 -1.5330568989131113 2.8589197365447623 -3.2081313001127554 25 1107.0 181.0 0.01 0.01 -2.41
0.4 -9.2 -1.5352999409052988 2.8589199874096702 -3.2081315826522405 25 861.0 205.0 0.0 0.0 -3.26
0.4 -9.2 -1.5368746956202646 2.858920342042754 -3.219232782581553 25 978.0 199.0 -0.06 -0.01 -4.11
0.4 -9.2 -1.5391720970484875 2.8414882879173278 -3.219233229500319 25 1104.0 186.0 -0.08 -0.03 -4.48
0.4 -9.2 -1.5430082519862316 2.8153399851734564 -3.230334457644991 25 978.0 213.0 -0.12 -0.05 -4.16
0.4 -9.2 -1.5450481613490243 2.789191676758185 -3.2525364948528317 25 1101.0 198.0 -0.16 -0.06 -3.53
0.4 -9.2 -1.5465206344935556 2.745610829372772 -3.274738443509726 25 1089.0 215.0 -0.21 -0.07 -2.78
0.4 -9.2 -1.5487066944453376 2.7020299043142195 -3.2969403135444306 25 978.0 232.0 -0.23 -0.07 -1.96
0.4 -9.2 -1.544140740236964 2.5712867029868116 -3.3413438156890245 25 969.0 262.0 0.04 -0.01 0.49
0.4 -9.2 -1.5477346618983412 2.6235838701887824 -3.341343557017501 25 966.0 261.0 0.19 0.03 1.59
0.4 -9.2 -1.5425855358454843 2.7368944931805657 -3.319141532324637 25 966.0 257.0 0.33 0.06 1.73
0.4 -9.2 -1.5323089798304699 3.04196190659648 -3.252536116446816 25 1085.0 232.0 0.33 0.02 0.28
0.4 -9.2 -1.5320915420863292 3.102975454221161 -3.2525360768103826 25 973.0 246.0 0.27 0.0 0.05
0.4 -9.2 -1.5319685180995128 3.1552727929638276 -3.2525360571337805 25 1089.0 229.0 0.21 -0.03 -0.06
0.4 -9.2 -1.5301195820185802 3.181421481892939 -3.2525360680598254 25 981.0 239.0 0.11 -0.02 -0.47
