0.4 -9.2 -1.5930518984755102 -0.732162090557827 -0.8214592541444812 25 952.0 145.0 0.0 0.02 -0.1
0.4 -9.2 -1.5928196787794655 -0.7583107390216027 -0.8103584544893815 25 957.0 145.0 -0.1 0.02 -0.11
0.4 -9.2 -1.5973043322523657 -0.775743173656971 -0.8103584560435607 25 957.0 145.0 -0.09 0.02 -0.11
0.4 -9.2 -1.596962201591355 -0.8106080419752968 -0.7992576582430158 25 957.0 145.0 -0.08 0.04 -0.07
0.4 -9.2 -1.5978402972181864 -0.8454729089716234 -0.7881568598122551 25 956.0 145.0 -0.07 0.03 -0.06
0.4 -9.2 -1.5988843321760717 -0.8977702066786183 -0.7992576585618807 25 955.0 146.0 -0.11 -0.04 -0.04
0.4 -9.2 -1.6003765940626686 -0.9500675124723108 -0.8547616652528379 25 954.0 143.0 -0.13 -0.17 -0.04
0.4 -9.2 -1.5971283793409892 -1.0023648239162368 -0.9657696771418122 25 951.0 145.0 -0.13 -0.31 -0.06
0.4 -9.2 -1.5971283793409892 -1.0023648239162368 -0.9657696771418122 25 701.0 165.0 -0.13 -0.31 -0.06
0.4 -9.2 -1.596229779716355 -1.045945926514562 -1.1211808969005774 25 949.0 141.0 -0.11 -0.4 -0.03
0.4 -9.2 -1.5941159605940411 -1.0895270380356674 -1.3098945254252528 25 947.0 145.0 -0.09 -0.5 -0.04
0.4 -9.2 -1.5941159605940411 -1.0895270380356674 -1.3098945254252528 25 815.0 161.0 -0.09 -0.5 -0.04
0.4 -9.2 -1.5919961810072485 -1.1418244182687736 -1.8094306121124895 25 945.0 158.0 -0.04 -0.7 -0.07
0.4 -9.2 -1.5839795947035378 -1.1505406825135542 -2.075849870192328 25 942.0 163.0 0.0 -0.55 -0.06
0.4 -9.2 -1.5839795947035378 -1.1505406825135542 -2.075849870192328 25 689.0 190.0 0.0 -0.55 -0.06
0.4 -9.2 -1.5863051295240944 -1.1505407072253142 -2.2312611006458516 25 939.0 173.0 0.01 -0.25 0.0
0.4 -9.2 -1.5863051295240944 -1.1505407072253142 -2.2312611006458516 25 689.0 199.0 0.01 -0.25 0.0
0.4 -9.2 -1.5941982150038307 -1.150540716629978 -2.2867651126861586 25 941.0 187.0 0.0 -0.06 -0.06
0.4 -9.2 -1.6032290339430397 -1.159256938120276 -2.286765117441603 25 941.0 190.0 0.0 0.01 -0.08
0.4 -9.2 -1.6032290339430397 -1.159256938120276 -2.286765117441603 25 690.0 216.0 0.0 0.01 -0.08
0.4 -9.2 -1.6014644980391093 -1.1766893753312402 -2.275664322712508 25 691.0 217.0 -0.01 0.05 -0.08
0.4 -9.2 -1.6014644980391093 -1.1766893753312402 -2.275664322712508 25 941.0 191.0 -0.01 0.05 -0.08
0.4 -9.2 -1.6013314604719702 -1.2028380276418857 -2.242361920536319 25 690.0 217.0 0.0 0.06 -0.06
0.4 -9.2 -1.6013314604719702 -1.2028380276418857 -2.242361920536319 25 942.0 193.0 0.0 0.06 -0.06
0.4 -9.2 -1.5992538809736792 -1.228986676415097 -2.2201603120300835 25 939.0 191.0 -0.02 0.03 -0.05
0.4 -9.2 -1.5967585921248024 -1.2377028887154569 -2.209059502510654 25 939.0 191.0 0.0 0.02 -0.04
0.4 -9.2 -1.5933434843977516 -1.2464191023650812 -2.1979586943407945 25 936.0 189.0 0.01 0.04 -0.03
0.4 -9.2 -1.5933434843977516 -1.2464191023650812 -2.1979586943407945 25 688.0 213.0 0.01 0.04 -0.03
0.4 -9.2 -1.5941684126814426 -1.2464191033634768 -2.1757570982566956 25 936.0 190.0 0.01 0.05 -0.47
0.4 -9.2 -1.59399937390886 -1.2464191890728915 -2.1535556488043466 25 936.0 189.0 0.0 0.04 -2.03
0.4 -9.2 -1.5956835627516333 -1.2551356276449313 -2.142455227034024 25 936.0 190.0 -0.02 0.01 -3.73
0.4 -9.2 -1.5954906821211405 -1.342298589651144 -2.1646580568613585 25 937.0 213.0 -0.23 0.02 -5.02
0.4 -9.2 -1.5997071146925512 -1.4556099066826544 -2.1646586294434216 25 937.0 232.0 -0.31 0.01 -3.81
0.4 -9.2 -1.5908026576002658 -0.7844600685129387 -2.1313553045852527 25 962.0 236.0 -0.27 0.0 -0.41
0.4 -9.2 -1.5952422499617165 -1.011081877951502 -2.1646577255310926 25 951.0 240.0 -0.23 0.0 0.0
0.4 -9.2 -1.594083774085862 -1.089527880304782 -2.1646577045090094 25 946.0 243.0 -0.13 0.0 0.04
0.4 -9.2 -1.5915965914686747 -1.12439276665711 -2.164657688324391 25 944.0 243.0 -0.03 0.0 0.03
0.4 -9.2 -1.5930487990339823 -0.8716223163228346 -2.1202545352897895 25 946.0 255.0 0.19 0.0 -0.03
0.4 -9.2 -1.594083774085862 -0.7495951970286043 -2.120254560701111 25 947.0 256.0 0.44 -0.01 -0.05
0.4 -9.2 -1.593196618553025 -0.5229733943709983 -2.10915377875994 25 945.0 255.0 0.67 -0.01 -0.05
0.4 -9.2 -1.5918214201887673 -0.22662180457710698 -2.098052989853108 25 951.0 260.0 0.84 0.0 -0.06
0.4 -9.2 -1.578104007240159 1.2987172581893434 -1.9648431974197647 25 995.0 255.0 0.48 0.11 -0.03
0.4 -9.2 -1.5804071307142797 1.42946060618003 -1.9204399439011122 25 1020.0 255.0 0.2 0.13 -0.04
0.4 -9.2 -1.5808789610823222 1.4817579449873746 -1.876036707957775 25 1023.0 253.0 0.02 0.1 -0.06
0.4 -9.2 -1.581002938743455 1.3074337148361048 -3.1526299134793576 25 1028.0 270.0 -0.05 -1.31 0.0
0.4 -9.2 -1.5782403826674047 1.3248663625689954 -4.351517377072743 25 1025.0 297.0 -0.01 -1.57 0.0
0.4 -9.2 -1.572752225395066 1.3335826882641548 -4.895457095343429 25 1029.0 318.0 0.02 -1.08 0.04
0.4 -9.2 -1.5727591395338605 1.2551367919939596 -5.694715514534476 25 1029.0 377.0 -0.01 -0.32 -0.08
0.4 -9.2 -1.5741469740828102 1.2202719021619393 -5.816824438229254 25 1026.0 379.0 -0.02 -0.35 -0.06
0.4 -9.2 -1.5767168879469458 1.1854070144276807 -5.972235790116654 25 1026.0 381.0 -0.05 -0.48 -0.04
0.4 -9.2 -1.5781590819319313 1.1505421325411505 -6.194251993034531 25 1024.0 386.0 -0.05 -0.61 -0.05
0.4 -9.2 -1.573040950294358 1.1243934795185853 -6.427369004301063 25 1024.0 389.0 -0.04 -0.51 -0.02
0.4 -9.2 -1.5727817892988745 1.0720961284584318 -6.63828435591722 25 1019.0 403.0 -0.05 -0.07 0.02
0.4 -9.2 -1.5717077136000224 1.0110825074768088 -6.593881027868787 25 1022.0 412.0 -0.04 0.17 0.03
0.4 -9.2 -1.5628246506068368 0.9675013168376418 -6.338562289930839 25 1019.0 413.0 -0.02 0.43 0.01
0.4 -9.2 -1.5670680244776867 0.9326363769247019 -6.138747687888598 25 1020.0 409.0 -0.04 0.53 0.0
0.4 -9.2 -1.5670906742427009 0.9064876615352657 -5.905630660405249 25 1017.0 401.0 -0.05 0.56 0.01
0.4 -9.2 -1.5694498260829113 0.8193252893206151 -5.1285738867555235 25 1017.0 382.0 -0.08 0.71 0.05
0.4 -9.2 -1.5697414120051525 0.749595415900325 -4.573533366866061 25 1015.0 364.0 -0.09 0.49 0.02
0.4 -9.2 -1.5681580742213388 0.7147304957385301 -4.4292228281629 25 1015.0 356.0 -0.08 0.24 0.03
0.4 -9.2 -1.5705465515467782 0.6972980313754445 -4.307113912888683 25 1013.0 336.0 0.07 0.08 0.03
0.4 -9.2 -1.5779812216719211 1.2551364579828224 -4.218307420653978 25 1014.0 333.0 0.9 0.03 0.0
0.4 -9.2 -1.5767600417097634 1.6647990529033305 -4.196105740387758 25 1017.0 330.0 1.15 0.0 0.01
0.4 -9.2 -1.5741236090620585 2.179056357101727 -4.18500482581554 25 1028.0 330.0 1.39 0.0 -0.01
0.4 -9.2 -1.5554892261836195 3.373179243577446 -4.073996375241137 25 969.0 335.0 0.33 0.11 -0.06
0.4 -9.2 -1.5512046058985853 3.129124933183737 -4.007391655174062 25 993.0 332.0 -0.82 0.05 -0.09
0.4 -9.2 -1.556831284365382 1.3335821688033211 -2.0647504758215964 25 1025.0 296.0 -0.11 1.61 0.0
0.4 -9.2 -1.559085293612208 1.2115548201082498 -0.7104517140364996 25 1019.0 255.0 -0.09 1.43 0.08
0.4 -9.2 -1.5587305267665048 1.0895276177271513 0.02220169293951382 25 1015.0 188.0 -0.11 -0.06 -0.01
0.4 -9.2 -1.55479900439712 1.0459465667596048 -0.3663266457991492 25 899.0 191.0 -0.07 -0.91 0.01
0.4 -9.2 -1.5451671322199962 0.8803387977884689 -3.8519810873077596 25 1006.0 343.0 -0.03 0.95 -0.02
0.4 -9.2 -1.550854130587306 0.8280412223884351 -1.9537424930404674 25 1001.0 290.0 -0.02 0.63 -0.05
0.4 -9.2 -1.5451614101740976 0.8106087493589051 -1.7539279036476625 25 1002.0 265.0 -0.03 0.35 0.0
0.4 -9.2 -1.5416113575312755 0.7931763802390583 -2.1868595814958876 25 1010.0 244.0 0.01 -0.09 0.0
0.4 -9.2 -1.5430890758845468 0.7931763874265326 -2.2201620231696495 25 1015.0 257.0 0.0 -0.04 -0.02
0.4 -9.2 -1.543561621508326 0.7931763908298665 -2.242363647400995 25 1015.0 259.0 -0.01 -0.07 -0.06
0.4 -9.2 -1.5431656082484384 0.7757439438871323 -2.2645652662086975 25 1015.0 258.0 0.0 -0.05 -0.03
0.4 -9.2 -1.5438393791529794 0.775743944365764 -2.2756660763222727 25 1015.0 259.0 0.0 0.0 -0.02
0.4 -9.2 -1.5437359054896496 0.7670277215616842 -2.2756660799186568 25 1014.0 261.0 0.0 0.01 -0.02
0.4 -9.2 -1.5456558903071547 0.7670277203872986 -2.264565268980563 25 1015.0 262.0 0.0 -0.09 0.06
0.4 -9.2 -1.547566099962916 0.7583115077539155 -2.3977749899611798 25 1014.0 262.0 -0.03 -0.57 -0.05
0.4 -9.2 -1.5495061119410656 0.7408790873418919 -2.697496866807384 25 1016.0 259.0 -0.05 -0.91 -0.05
0.4 -9.2 -1.5465556820246835 0.7234466733798647 -3.0860252297427047 25 1014.0 261.0 -0.05 -1.06 -0.01
0.4 -9.2 -1.5369233330104013 0.6972980569886208 -3.718771440696514 25 1015.0 286.0 -0.02 -0.37 0.04
0.4 -9.2 -1.541093512377467 0.6798656180551289 -3.8297795558013266 25 1014.0 312.0 0.0 0.02 -0.01
0.4 -9.2 -1.5451754768702646 0.6711493890891408 -3.807577935047661 25 1013.0 312.0 0.0 0.07 -0.03
0.4 -9.2 -1.5476259430262707 0.6624331618312199 -3.7853763126544044 25 1014.0 315.0 0.0 0.07 -0.03
0.4 -9.2 -1.5471991737696789 0.6450007055814038 -3.7409730684945197 25 1014.0 315.0 -0.02 0.06 -0.04
0.4 -9.2 -1.545394821963038 0.6362844770275088 -3.718771439663608 25 1014.0 312.0 -0.02 0.05 -0.02
0.4 -9.2 -1.544277592501368 0.6188520218114546 -3.6965698113611385 25 1014.0 312.0 0.0 0.03 -0.01
0.4 -9.2 -1.5437647541377209 0.61885201945566 -3.6854689924191972 25 1013.0 310.0 0.0 0.01 0.0
0.4 -9.2 -1.5478154857966562 0.6014195620390997 -3.6743681497514182 25 1011.0 309.0 -0.01 0.0 0.0
0.4 -9.2 -1.543037577471461 0.5927033359729645 -3.6854689552926545 25 1010.0 308.0 0.0 0.0 0.0
0.4 -9.2 -1.5445205410334728 0.6014195621917124 -3.685468957137853 25 1010.0 309.0 0.0 0.0 0.0
0.4 -9.2 -1.5421880920741222 0.6014195641575332 -3.6854689659359807 25 1009.0 308.0 0.01 0.0 -0.02
0.4 -9.2 -1.5392188270899916 0.6014195657319084 -3.6743681740393175 25 1010.0 309.0 0.01 0.01 -0.01
0.4 -9.2 -1.5413326462123058 0.6014195692201384 -3.674368193280952 25 1009.0 308.0 0.0 0.0 -0.01
0.4 -9.2 -1.545140429339137 0.6014195730764873 -3.6854690247992066 25 1009.0 306.0 0.0 -0.02 -0.01
0.4 -9.2 -1.544556065401759 0.5927033494290417 -3.6965698464220074 25 1009.0 307.0 0.0 -0.03 0.01
0.4 -9.2 -1.54499094089004 0.592703368276976 -3.8630820426037826 25 1008.0 309.0 0.03 -0.47 -0.02
0.4 -9.2 -1.5453042229029796 0.6014196182755558 -4.107299906611091 25 1006.0 312.0 0.02 -0.77 0.0
0.4 -9.2 -1.5425419052455087 0.6014198469506625 -6.826998778202542 25 1008.0 404.0 -0.03 0.0 -0.06
0.4 -9.2 -1.5481616695735119 0.37479775872496474 -4.573534013616575 25 999.0 355.0 -0.09 0.36 -0.02
0.4 -9.2 -1.5469083031031747 0.33993284353689834 -4.462525880645673 25 997.0 333.0 -0.1 0.15 0.02
0.4 -9.2 -1.539983673891749 0.15689205278433974 -3.063823706949182 25 992.0 306.0 -0.11 1.4 0.03
0.4 -9.2 -1.5355138023707529 0.11331091728344712 -2.464379928023705 25 989.0 294.0 -0.11 1.62 0.01
0.4 -9.2 -1.5405363281581064 0.026148668385631877 -1.1322826498075187 25 988.0 258.0 -0.07 1.38 0.04
0.4 -9.2 -1.5439852913233896 -0.008716221446579093 -0.7326534775489639 25 986.0 235.0 -0.07 0.66 -0.08
0.4 -9.2 -1.5401035984370373 -0.026148667514500904 -0.4662340526428548 25 981.0 195.0 0.0 0.0 -0.02
0.4 -9.2 -1.5381776531550548 -0.026148666945596987 -0.4662340525523886 25 980.0 196.0 0.0 0.0 -0.02
0.4 -9.2 -1.5385367115351816 -0.03486489017528133 -0.46623405287968595 25 980.0 198.0 0.0 0.0 -0.02
0.4 -9.2 -1.5321301658961435 -0.026148667576097646 -0.4662340605332206 25 979.0 197.0 0.03 0.0 -0.8
0.4 -9.2 -1.53361193736526 -0.061013592944242696 -0.4884359555954195 25 981.0 210.0 -0.12 -0.03 -4.71
