0.40.4 -9.2 -1.5746588587721415 1.5166210159050888 -0.09990704778929216 25 811.0 60.0 1.41 -0.36 -4.93
0.40.4 -9.2 -1.5746588587721415 1.5166210159050888 -0.09990704778929216 25 967.0 42.0 1.41 -0.36 -4.93
0.40.4 -9.2 -1.574705350395066 1.8129725446587326 -0.17761260698477344 25 668.0 76.0 1.58 -0.45 -4.93
0.40.4 -9.2 -1.573177564140183 2.4928380734623747 -0.38852775764635294 25 978.0 80.0 1.74 -0.58 -4.94
0.40.4 -9.2 -1.573177564140183 2.4928380734623747 -0.38852775764635294 25 839.0 102.0 1.74 -0.58 -4.94
0.40.4 -9.2 -1.573177564140183 2.4928380734623747 -0.38852775764635294 25 708.0 114.0 1.74 -0.58 -4.94
0.40.4 -9.2 -1.5683290203425548 3.0681094067560424 -0.5661405976869732 25 878.0 149.0 1.08 -0.32 -4.97
0.40.4 -9.2 -1.5683290203425548 3.0681094067560424 -0.5661405976869732 25 1006.0 136.0 1.08 -0.32 -4.97
0.40.4 -9.2 -1.5607001026484628 3.2424343369868596 -0.621644665227037 25 762.0 165.0 0.67 -0.14 -4.97
0.40.4 -9.2 -1.5620013912531996 3.347029521198503 -0.6438463397196192 25 919.0 196.0 0.38 -0.03 -4.95
0.40.4 -9.2 -1.5703925331446786 4.070477223823528 -0.7881567714076816 25 973.0 255.0 -0.08 0.02 -0.09
0.40.4 -9.2 -1.5702897747370859 3.9135853492627404 -0.7992576996578151 25 971.0 254.0 -0.23 0.11 -1.1
0.40.4 -9.2 -1.5784649729689186 3.5387878560661457 -0.6993505922008713 25 1049.0 242.0 -0.1 0.06 -0.07
0.40.4 -9.2 -1.5764851450880588 3.5126391776348003 -0.699350604478803 25 1047.0 243.0 -0.02 0.03 -0.05
0.40.4 -9.2 -1.5818693518599096 3.617233810878164 -0.721552171033928 25 1044.0 241.0 0.01 0.02 0.17
0.40.4 -9.2 -1.5802943587263647 3.6259498706023474 -0.7215521335214022 25 954.0 253.0 0.0 0.01 0.03
0.40.4 -9.2 -1.5808646559675759 3.6259498692282435 -0.7326529467270612 25 955.0 253.0 0.0 0.0 -0.02
0.40.4 -9.2 -1.581784474845749 3.625949870608954 -0.7326529473286757 25 956.0 252.0 0.0 0.01 -0.03
0.40.4 -9.2 -1.5824065089186257 3.5736525530459096 -0.7437537925268467 25 957.0 321.0 -0.01 0.0 -0.03
0.40.4 -9.2 -1.5824179530104225 3.5736525516718056 -0.7548546064607712 25 1047.0 562.0 0.0 0.0 -0.02
0.40.4 -9.2 -1.5926725745161596 3.599801348110063 -0.8325603156122751 25 1056.0 243.0 -0.02 -0.22 -0.03
0.40.4 -9.2 -1.5935366034468244 3.5823689463889243 -0.9324676605700325 25 1055.0 241.0 -0.04 -0.29 -0.02
0.40.4 -9.2 -1.5911028265913554 3.5649365579548222 -1.0545766354956578 25 1056.0 243.0 -0.05 -0.31 -0.02
0.40.4 -9.2 -1.5930528521498266 3.521355558962216 -1.309895407662586 25 1056.0 251.0 -0.06 -0.28 -0.06
0.40.4 -9.2 -1.5895035147627417 3.4603420282805666 -1.3653995240305217 25 957.0 272.0 -0.01 0.02 -0.03
0.40.4 -9.2 -1.5947308421095439 3.312166522989797 -2.0980534190497186 25 954.0 273.0 -0.07 -0.72 -0.03
0.40.4 -9.2 -1.5948543429335178 3.2860179902011777 -2.4310778977346534 25 1048.0 265.0 -0.05 -0.87 -0.03
0.40.4 -9.2 -1.5931274771650858 3.268585911164866 -3.252538286481556 25 1047.0 279.0 -0.01 -1.19 -0.03
0.40.4 -9.2 -1.5929825186689919 3.303451622888597 -5.006467229288555 25 1048.0 329.0 0.05 -0.39 0.02
0.40.4 -9.2 -1.592543828483445 3.3121679083241413 -5.117475395855691 25 1050.0 344.0 0.07 -0.15 -0.03
0.40.4 -9.2 -1.5865521311720436 3.242437268813925 -3.296941586163728 25 1047.0 327.0 -0.03 1.84 -0.03
0.40.4 -9.2 -1.5979328036268778 2.7456088392288427 2.2312632211711407 25 931.0 111.0 0.08 -0.1 3.97
0.40.4 -9.2 -1.5795264124830788 2.8240541879820205 2.1979603281461033 25 832.0 101.0 0.18 -0.15 4.11
0.40.4 -9.2 -1.5755987048109599 2.919931939276733 2.1424558452100966 25 929.0 73.0 0.23 -0.14 4.01
0.40.4 -9.2 -1.5755987048109599 2.919931939276733 2.1424558452100966 25 829.0 80.0 0.23 -0.14 4.01
0.40.4 -9.2 -1.5662812431666515 3.024525913217941 2.0758506227983093 25 930.0 51.0 0.26 -0.22 3.4
0.40.4 -9.2 -1.5662812431666515 3.024525913217941 2.0758506227983093 25 1046.0 34.0 0.26 -0.22 3.4
0.40.4 -9.2 -1.5662812431666515 3.024525913217941 2.0758506227983093 25 827.0 61.0 0.26 -0.22 3.4
0.40.4 -9.2 -1.5649315555903573 3.1116876303830767 2.042547968712963 25 935.0 28.0 0.17 0.04 1.83
0.40.4 -9.2 -1.58501123189531 2.702025754295498 1.0656772410056263 25 1059.0 22.0 0.07 -0.32 0.01
0.40.4 -9.2 -1.5814804911573954 2.728174407180232 0.9768708469227839 25 921.0 29.0 0.06 -0.18 0.03
0.40.4 -9.2 -1.5814804911573954 2.728174407180232 0.9768708469227839 25 797.0 40.0 0.06 -0.18 0.03
0.40.4 -9.2 -1.5814804911573954 2.728174407180232 0.9768708469227839 25 1061.0 30.0 0.06 -0.18 0.03
0.40.4 -9.2 -1.5821010947187968 2.7456068523458277 0.8880644509530647 25 923.0 43.0 0.04 -0.25 -0.01
0.40.4 -9.2 -1.5821010947187968 2.7456068523458277 0.8880644509530647 25 802.0 50.0 0.04 -0.25 -0.01
0.40.4 -9.2 -1.5820770144423073 2.7456068712240915 0.8325604513409276 25 1059.0 29.0 0.04 -0.3 0.0
0.40.4 -9.2 -1.5817499041517795 2.74560688970671 0.7770564526597883 25 924.0 46.0 0.03 -0.33 0.0
0.40.4 -9.2 -1.5815894484480444 2.75432312294034 0.7104516570715322 25 801.0 54.0 0.02 -0.38 0.0
0.40.4 -9.2 -1.5815894484480444 2.75432312294034 0.7104516570715322 25 1059.0 33.0 0.02 -0.38 0.0
0.40.4 -9.2 -1.5822477221449438 2.7543231800089516 0.5328388600086708 25 804.0 64.0 0.02 -0.48 0.0
0.40.4 -9.2 -1.5822477221449438 2.7543231800089516 0.5328388600086708 25 925.0 48.0 0.02 -0.48 0.0
0.40.4 -9.2 -1.5822477221449438 2.7543231800089516 0.5328388600086708 25 1061.0 37.0 0.02 -0.48 0.0
0.40.4 -9.2 -1.5819222807844702 2.754323246234993 0.3219236642835944 25 805.0 69.0 0.01 -0.56 0.01
0.40.4 -9.2 -1.5819222807844702 2.754323246234993 0.3219236642835944 25 925.0 54.0 0.01 -0.56 0.01
0.40.4 -9.2 -1.582175004478318 2.75432328619509 0.21091566781947138 25 1060.0 40.0 0.01 -0.6 0.0
0.40.4 -9.2 -1.5833170294722143 2.754323328604214 0.08880687126525205 25 927.0 70.0 0.01 -0.64 0.0
0.40.4 -9.2 -1.583726155753953 2.7543233770860533 -0.04440272615357104 25 1062.0 49.0 0.0 -0.64 -0.02
0.40.4 -9.2 -1.583726155753953 2.7543233770860533 -0.04440272615357104 25 804.0 77.0 0.0 -0.64 -0.02
0.40.4 -9.2 -1.5864999175032204 2.7543234523459597 -0.2442171207750389 25 1061.0 64.0 0.0 -0.38 0.02
0.40.4 -9.2 -1.5864999175032204 2.7543234523459597 -0.2442171207750389 25 926.0 78.0 0.0 -0.38 0.02
0.40.4 -9.2 -1.5864999175032204 2.7543234523459597 -0.2442171207750389 25 807.0 93.0 0.0 -0.38 0.02
0.40.4 -9.2 -1.582250583167893 2.754323476862938 -0.33302351903370725 25 927.0 95.0 0.0 -0.12 0.02
0.40.4 -9.2 -1.582608449455125 2.745607269914555 -0.35522512010776264 25 930.0 111.0 0.0 0.0 0.0
0.40.4 -9.2 -1.5826063036879126 2.7456072689553985 -0.3552251203577177 25 1063.0 91.0 0.0 0.02 0.0
0.40.4 -9.2 -1.5826063036879126 2.7456072689553985 -0.3552251203577177 25 807.0 120.0 0.0 0.02 0.0
0.40.4 -9.2 -1.5816786169966284 2.736891043937722 -0.3330235242171943 25 929.0 117.0 0.0 0.06 0.0
0.40.4 -9.2 -1.5816786169966284 2.736891043937722 -0.3330235242171943 25 809.0 127.0 0.0 0.06 0.0
0.40.4 -9.2 -1.5810561060865944 2.728174825738977 -0.3219227264601991 25 1063.0 95.0 0.0 0.06 0.0
0.40.4 -9.2 -1.5814165949781958 2.728174819102749 -0.3108219264124189 25 929.0 119.0 0.0 0.06 0.0
0.40.4 -9.2 -1.5820004820784153 2.728174812272741 -0.2997211260071004 25 807.0 128.0 0.0 0.05 0.0
0.40.4 -9.2 -1.5825149893721169 2.719458588998617 -0.28862032916470554 25 928.0 120.0 0.0 0.04 0.0
0.40.4 -9.2 -1.5827090620955053 2.719458578921404 -0.27751953031947785 25 1063.0 105.0 0.0 0.04 0.0
0.40.4 -9.2 -1.582846868034226 2.719458568650411 -0.26641872820366186 25 927.0 120.0 0.0 0.03 0.0
0.40.4 -9.2 -1.5834555506666723 2.7194585530201194 -0.25531792851857227 25 928.0 122.0 0.01 0.02 0.01
0.40.4 -9.2 -1.5850896716078346 2.719458540020507 -0.23311632779814373 25 928.0 124.0 0.0 0.02 0.01
0.40.4 -9.2 -1.5838668227156225 2.719458530138265 -0.23311632721246175 25 929.0 126.0 0.0 0.0 0.03
0.40.4 -9.2 -1.584032523628098 2.728174729694177 -0.22201552419043433 25 930.0 127.0 0.0 0.0 0.03
0.40.4 -9.2 -1.584032523628098 2.728174729694177 -0.22201552419043433 25 1063.0 111.0 0.0 0.0 0.03
0.40.4 -9.2 -1.5842747569044655 2.728174722786298 -0.22201552412605205 25 930.0 128.0 0.0 0.0 0.02
0.40.4 -9.2 -1.5842747569044655 2.728174722786298 -0.22201552412605205 25 1062.0 112.0 0.0 0.0 0.02
0.40.4 -9.2 -1.5853948473890846 2.7281747169085557 -0.22201552334165087 25 1064.0 113.0 0.0 0.0 0.01
0.40.4 -9.2 -1.5853948473890846 2.7281747169085557 -0.22201552334165087 25 930.0 130.0 0.0 0.0 0.01
0.40.4 -9.2 -1.5853948473890846 2.7281747169085557 -0.22201552334165087 25 810.0 142.0 0.0 0.0 0.01
0.40.4 -9.2 -1.5860822081526342 2.728174709734724 -0.2109147240312626 25 1063.0 114.0 0.0 0.0 0.0
0.40.4 -9.2 -1.5860822081526342 2.728174709734724 -0.2109147240312626 25 930.0 130.0 0.0 0.0 0.0
0.40.4 -9.2 -1.5862448096235813 2.728174708678677 -0.21091472373831657 25 810.0 145.0 -0.01 0.0 0.0
0.40.4 -9.2 -1.5874068617781225 2.728174707719519 -0.21091472398827166 25 1065.0 115.0 0.0 0.0 -0.01
0.40.4 -9.2 -1.5881876826246801 2.7281747066893827 -0.21091472398002672 25 811.0 147.0 0.0 0.0 -0.01
0.40.4 -9.2 -1.5881876826246801 2.7281747066893827 -0.21091472398002672 25 930.0 131.0 0.0 0.0 -0.01
0.40.4 -9.2 -1.5893678545912333 2.7281747022633307 -0.21091472332717806 25 1065.0 117.0 -0.01 0.0 -0.01
0.40.4 -9.2 -1.5893678545912333 2.7281747022633307 -0.21091472332717806 25 811.0 149.0 -0.01 0.0 -0.01
0.40.4 -9.2 -1.5893678545912333 2.7281747022633307 -0.21091472332717806 25 932.0 134.0 -0.01 0.0 -0.01
0.40.4 -9.2 -1.5902209162672585 2.7194584870061456 -0.21091472604178493 25 1065.0 119.0 -0.02 0.0 -0.02
0.40.4 -9.2 -1.5902209162672585 2.7194584870061456 -0.21091472604178493 25 933.0 140.0 -0.02 0.0 -0.02
0.40.4 -9.2 -1.5876381277998513 2.7194584964927437 -0.2109147271529932 25 811.0 149.0 -0.01 0.0 -0.42
0.40.4 -9.2 -1.5795733809431616 2.7107424702930256 -0.21091474453257816 25 934.0 142.0 -0.01 0.01 -1.98
0.40.4 -9.2 -1.5795733809431616 2.7107424702930256 -0.21091474453257816 25 812.0 153.0 -0.01 0.01 -1.98
0.40.4 -9.2 -1.5795733809431616 2.7107424702930256 -0.21091474453257816 25 1065.0 120.0 -0.01 0.01 -1.98
0.40.4 -9.2 -1.581734168525559 2.7020267349111284 -0.2109147854693923 25 933.0 145.0 -0.05 0.0 -3.74
0.40.4 -9.2 -1.581734168525559 2.7020267349111284 -0.2109147854693923 25 812.0 153.0 -0.05 0.0 -3.74
0.40.4 -9.2 -1.586745488639695 2.6671625877459775 -0.22201565793959566 25 1060.0 138.0 -0.12 -0.01 -4.77
0.40.4 -9.2 -1.5871314883192602 2.6322981085910553 -0.23311650891245536 25 819.0 163.0 -0.16 -0.02 -4.97
0.40.4 -9.2 -1.5871314883192602 2.6322981085910553 -0.23311650891245536 25 933.0 153.0 -0.16 -0.02 -4.97
0.40.4 -9.2 -1.5882778048475807 2.5887174169188487 -0.24421736738882985 25 933.0 174.0 -0.22 0.0 -5.05
0.40.4 -9.2 -1.5888786196669167 2.536420477280204 -0.2553182314189643 25 1056.0 158.0 -0.27 0.01 -4.71
0.40.4 -9.2 -1.593874442573411 2.4143939695735237 -0.2553183323225994 25 934.0 200.0 -0.31 0.04 -3.3
0.40.4 -9.2 -1.593874442573411 2.4143939695735237 -0.2553183323225994 25 1047.0 184.0 -0.31 0.04 -3.3
0.40.4 -9.2 -1.595518577094895 2.301083395578555 -0.233116774208431 25 932.0 221.0 -0.28 0.05 -1.59
0.40.4 -9.2 -1.595518577094895 2.301083395578555 -0.233116774208431 25 1044.0 209.0 -0.28 0.05 -1.59
0.40.4 -9.2 -1.5949108481367655 2.2139212541208195 -0.22201599544510187 25 1032.0 229.0 -0.12 0.03 -0.3
0.40.4 -9.2 -1.5919585108717507 2.2052050357747635 -0.21091518371094245 25 930.0 252.0 0.0 0.0 -0.04
0.40.4 -9.2 -1.587623345847947 2.2487861516274714 -0.21091517147762937 25 1021.0 244.0 0.24 -0.02 0.08
0.40.4 -9.2 -1.5848078608473366 2.3882457345957233 -0.19981431298862956 25 1022.0 243.0 0.38 -0.03 0.04
0.40.4 -9.2 -1.5801112532576151 2.553854059136901 -0.1998142655180133 25 1023.0 243.0 0.4 -0.04 -0.61
0.40.4 -9.2 -1.585203158851487 2.885070859685256 -0.2331166165558234 25 1045.0 256.0 -0.02 -0.03 0.0
0.40.4 -9.2 -1.5871930003126686 2.8676384038513993 -0.24421743836723844 25 952.0 266.0 -0.04 -0.01 -0.02
0.40.4 -9.2 -1.5871930003126686 2.8676384038513993 -0.24421743836723844 25 1046.0 255.0 -0.04 -0.01 -0.02
0.40.4 -9.2 -1.5825960516890116 2.7979085940470108 -0.26641909400240704 25 1047.0 256.0 -0.05 -0.02 -0.02
0.40.4 -9.2 -1.58274768590532 2.771759915946934 -0.27751992003215514 25 1046.0 257.0 -0.04 -0.01 -0.02
0.40.4 -9.2 -1.5855035662611547 2.7543274664766053 -0.28862074022877887 25 1046.0 257.0 -0.03 -0.01 -0.01
0.40.4 -9.2 -1.5893363833387917 2.7281787927766694 -0.2997215658984107 25 1045.0 258.0 -0.03 0.0 -0.02
0.40.4 -9.2 -1.5924870848616186 2.7020301135362117 -0.2997215747890447 25 1045.0 259.0 -0.03 0.0 -0.01
0.40.4 -9.2 -1.590340602393967 2.6845976610723596 -0.3108223955038348 25 1044.0 258.0 -0.03 -0.01 0.0
0.40.4 -9.2 -1.5867602705915993 2.5974356217822017 -0.9657705674434096 25 855.0 276.0 -0.02 -0.46 -0.03
0.40.4 -9.2 -1.5898990511854714 2.4928413363916655 -2.2867677213877076 25 1032.0 272.0 -0.03 -1.31 -0.03
0.40.4 -9.2 -1.588656413551194 2.4841252994123666 -2.886211795775044 25 1032.0 279.0 -0.03 -1.64 -0.04
0.40.4 -9.2 -1.5819938063582002 2.51899084203277 -4.751148953715438 25 1034.0 329.0 0.03 -0.8 0.05
0.40.4 -9.2 -1.5776047587355204 2.4492609274623787 -4.473628611116863 25 1030.0 369.0 -0.02 0.72 -0.04
0.40.4 -9.2 -1.5799238562544409 2.301084737104998 -3.618865771498884 25 1023.0 330.0 -0.08 0.1 -0.01
0.40.4 -9.2 -1.5791997790297096 2.283652263400318 -3.596664134034731 25 1024.0 324.0 -0.05 0.0 0.0
0.40.4 -9.2 -1.5789208292921606 2.274936031865964 -3.6077649430704377 25 1022.0 317.0 -0.03 -0.03 0.0
0.40.4 -9.2 -1.5794706225355688 2.2662198016073463 -3.6188657555902504 25 1022.0 318.0 -0.03 -0.04 0.0
0.40.4 -9.2 -1.5803425192793434 2.26621980411494 -3.629966571046769 25 1021.0 317.0 -0.02 -0.04 0.0
0.40.4 -9.2 -1.578013646598679 2.274936040392833 -3.6521682020107726 25 1021.0 317.0 -0.01 -0.02 0.0
0.40.4 -9.2 -1.576354730125291 2.2836522746815735 -3.6632690189127266 25 1021.0 318.0 0.0 -0.02 -0.01
0.40.4 -9.2 -1.5755443453749247 2.292368507903192 -3.6743698302227634 25 1020.0 319.0 0.0 -0.02 0.0
0.40.4 -9.2 -1.5747372984846657 2.2923685052016745 -3.6743698250711563 25 1020.0 319.0 0.0 -0.01 0.0
0.40.4 -9.2 -1.5754105925520492 2.292368508739407 -3.685470641992442 25 1020.0 321.0 0.0 -0.01 0.0
0.40.4 -9.2 -1.575639951225144 2.3010847384794393 -3.6854706412895286 25 1022.0 325.0 0.0 0.01 0.01
0.40.4 -9.2 -1.5772988676985327 2.3010847343072145 -3.6743698223779475 25 1021.0 326.0 0.0 0.01 0.0
0.40.4 -9.2 -1.5765681147535866 2.3098009631479943 -3.674369817248349 25 1021.0 326.0 0.0 0.0 0.01
0.40.4 -9.2 -1.576521861549241 2.309800956442121 -3.6632689961710443 25 1021.0 326.0 0.0 0.0 0.02
0.40.4 -9.2 -1.57646368741594 2.309800954330027 -3.6632689930362354 25 1021.0 327.0 0.0 -0.01 0.0
0.40.4 -9.2 -1.5778305411299294 2.3098009495873972 -3.6632689857362792 25 1020.0 328.0 0.0 -0.01 0.0
0.40.4 -9.2 -1.5772864699324196 2.3098009480388177 -3.6632689832411742 25 1020.0 327.0 0.0 -0.01 0.0
0.40.4 -9.2 -1.577211606498582 2.309800948109798 -3.663268983499372 25 1020.0 328.0 0.0 -0.01 0.0
0.40.4 -9.2 -1.5791010737379614 2.318517179088581 -3.663268982517546 25 1020.0 329.0 0.01 0.0 0.0
0.40.4 -9.2 -1.5784697413405007 2.318517180488308 -3.6743697945627973 25 1021.0 330.0 0.01 0.0 0.0
0.40.4 -9.2 -1.5788333296736305 2.3185171752790543 -3.67436978716604 25 1021.0 331.0 0.0 0.0 0.0
0.40.4 -9.2 -1.5789081931074684 2.318517172085004 -3.674369781632927 25 1021.0 331.0 0.0 0.0 0.0
0.40.4 -9.2 -1.5779285311659401 2.3185171694803772 -3.674369777752481 25 1021.0 332.0 -0.01 0.0 0.0
0.40.4 -9.2 -1.577456462379319 2.3098009378411906 -3.674369777187573 25 1022.0 331.0 -0.01 0.0 0.0
0.40.4 -9.2 -1.5779793143232888 2.3098009366882546 -3.6743697745310744 25 1021.0 332.0 -0.01 0.01 0.0
0.40.4 -9.2 -1.5778460383375708 2.301084706298895 -3.6743697775296984 25 1021.0 332.0 0.0 0.01 -0.01
0.40.4 -9.2 -1.5796010374983374 2.301084707354942 -3.674369778915036 25 1022.0 335.0 -0.01 0.02 -0.02
0.40.4 -9.2 -1.5782377600630348 2.2923684748085593 -3.663268966686382 25 1022.0 336.0 -0.02 0.01 -0.02
0.40.4 -9.2 -1.5763034701307843 2.2836522472367684 -3.6632689747041782 25 1022.0 337.0 -0.01 0.0 -0.03
0.40.4 -9.2 -1.5821258902510231 2.274936029780544 -3.652168184674928 25 1022.0 343.0 0.0 0.0 -0.03
0.40.4 -9.2 -1.579555022712571 2.2662198062009815 -3.6410673863799796 25 1023.0 343.0 0.0 0.02 -0.02
0.40.4 -9.2 -1.5782339453657694 2.2749360433402344 -3.6299665849437646 25 1022.0 339.0 0.01 0.02 -0.02
