5.1 2.6 -0.2056706388804577 10.145868399115592 -1.021266809731461 25 816.0 272.0 14.57 -2.4 -0.03
5.1 2.6 3.119468883672033 5.491322471439942 -0.2553165412627669 25 1020.0 45.0 -13.23 -0.99 -0.22
5.1 2.6 3.119018153348241 -2.8851236237068583 -0.6549467613502572 25 1045.0 273.0 -13.83 -1.0 -0.17
5.1 2.6 3.1211062232640128 -8.794833523210027 -0.9435633066058282 25 1073.0 505.0 -14.16 -1.03 -0.19
5.1 2.6 -0.43054287036391725 5.28212794418087 -1.5985129455334686 25 774.0 152.0 13.98 -5.48 0.03
5.1 2.6 -0.42634491523238627 10.939063399967305 -3.9518759993256323 25 777.0 413.0 14.08 -5.5 0.05
5.1 2.6 -0.2740029533717293 9.51829457707915 -3.2747301995249556 25 709.0 102.0 14.29 -3.73 -0.06
5.1 2.6 -0.38037209113570647 14.896308725976146 -4.962043606386435 25 735.0 359.0 13.28 -4.99 -0.07
5.1 2.6 -0.43785302241774987 3.547569678540502 -3.3302392101943323 25 666.0 18.0 14.29 -6.46 -0.05
5.1 2.6 -0.44192425807448804 9.248089938716381 -5.916720983849242 25 678.0 282.0 14.38 -6.56 -0.06
5.1 2.6 0.6767019192364553 9.788513854211525 -12.5549980950702 25 235.0 306.0 -0.58 0.01 0.11
5.1 2.6 0.677801684537206 9.248097176918346 -12.532797089113178 25 253.0 268.0 -0.57 0.17 0.1
5.1 2.6 0.6788744489338737 9.02147074861373 -12.455091725369467 25 264.0 259.0 -0.59 0.27 0.09
5.1 2.6 0.6806193153050286 8.690247474264785 -12.299680867944295 25 275.0 248.0 -0.56 0.3 0.07
5.1 2.6 0.6870221654560903 8.498486635285008 -12.199773872969518 25 286.0 243.0 -0.41 0.24 0.05
5.1 2.6 0.6863518516209464 8.359024218383313 -12.12206843604044 25 303.0 238.0 -0.1 0.07 0.01
5.1 2.6 0.6857474605229239 8.33287505020126 -12.122068495970591 25 319.0 234.0 -0.06 0.02 0.01
5.1 2.6 0.6876362125065665 8.298009467993953 -12.122068535717016 25 330.0 231.0 -0.14 0.09 0.03
5.1 2.6 0.6901385347035269 8.175979827469119 -12.033262269497053 25 333.0 229.0 -0.28 0.26 0.03
5.1 2.6 0.6940527121212821 7.9842189305698446 -11.85564967865413 25 336.0 232.0 -0.37 0.34 0.0
5.1 2.6 0.6921177665379387 7.818607253513663 -11.68913787267153 25 344.0 231.0 -0.47 0.48 0.02
5.1 2.6 0.692292229333196 7.618129946033742 -11.47822288444508 25 354.0 231.0 -0.53 0.55 0.01
5.1 2.6 0.6931371251728868 7.31305580846164 -11.167400789940933 25 368.0 227.0 -0.42 0.43 0.04
5.1 2.6 0.6933998624470572 7.182309754613459 -11.023090529751121 25 383.0 225.0 -0.24 0.22 -0.01
5.1 2.6 0.6977734128620963 7.103862162778507 -10.967586628293436 25 409.0 225.0 -0.02 0.0 -0.01
5.1 2.6 0.6978671709683275 7.095145775541128 -10.967586648012794 25 421.0 224.0 0.02 -0.02 0.0
5.1 2.6 0.6996234218266347 7.112578634330908 -11.000889089108387 25 427.0 223.0 0.05 -0.02 -0.02
5.1 2.6 0.6989378492024282 7.130011461748575 -11.011989914696697 25 432.0 224.0 0.06 0.0 -0.01
5.1 2.6 0.7003523866322375 7.147444278095801 -11.023090724300058 25 433.0 225.0 0.04 0.0 0.0
5.1 2.6 0.7030763188984731 7.147444331229566 -11.056393159190984 25 434.0 224.0 0.0 -0.05 0.0
5.1 2.6 0.7032783190396168 7.103862385842795 -11.067494032576803 25 433.0 226.0 -0.16 0.07 -0.05
5.1 2.6 0.7057548920300344 6.990549218441394 -10.989788603293745 25 434.0 226.0 -0.36 0.33 -0.03
5.1 2.6 0.7060807506230213 6.694191559500712 -10.6900673301481 25 435.0 225.0 -0.63 0.65 -0.01
5.1 2.6 0.7054859558728077 6.4326994846507235 -10.390345994636103 25 439.0 223.0 -0.73 0.81 -0.02
5.1 2.6 0.7122317115452627 5.979446557021036 -9.846407187880493 25 460.0 221.0 -0.81 0.92 0.0
5.1 2.6 0.7127767960217335 5.674372486302241 -9.468980219850348 25 477.0 220.0 -0.78 0.91 0.0
5.1 2.6 0.7145666638996937 5.229836048380041 -8.925041352828748 25 496.0 219.0 -0.74 0.89 -0.01
5.1 2.6 0.7137362519886831 4.9421948553658 -8.56981596004787 25 529.0 218.0 -0.71 0.85 0.0
5.1 2.6 0.7168330709126336 4.506374936821998 -8.070280253050587 25 552.0 217.0 -0.7 0.84 -0.01
5.1 2.6 0.7164206663754324 4.218733813374161 -7.7372564254057234 25 583.0 216.0 -0.71 0.86 -0.01
5.1 2.6 0.7185946265843252 3.931092704415835 -7.393131778934967 25 602.0 214.0 -0.7 0.88 0.0
5.1 2.6 0.719599143662725 3.4865564927852626 -6.860293595868243 25 631.0 212.0 -0.74 0.88 0.0
5.1 2.6 0.7204165617611747 3.1814826601411674 -6.516168923145193 25 651.0 211.0 -0.77 0.91 0.0
5.1 2.6 0.7266115109112602 2.7718121266241016 -6.049935472462168 25 680.0 207.0 -0.43 0.53 -0.04
5.1 2.6 0.7235567132618763 2.641066226919834 -5.905625127017588 25 699.0 207.0 -0.18 0.23 -0.03
5.1 2.6 0.7258507768299918 2.5539023098071283 -5.850121162205742 25 722.0 204.0 0.0 0.07 -0.02
5.1 2.6 0.7288717786457877 2.57133511033675 -5.894524368181643 25 738.0 204.0 0.17 -0.14 0.0
5.1 2.6 0.7297818223622183 2.763095784767576 -6.138741915998219 25 744.0 201.0 0.54 -0.57 -0.02
5.1 2.6 0.7313357154515125 3.015871240004191 -6.471765835139048 25 746.0 200.0 0.77 -0.89 -0.03
5.1 2.6 0.7340263287213187 3.34709429221804 -6.937999311526768 25 739.0 202.0 1.0 -1.22 -0.03
5.1 2.6 0.7349828044560293 4.0095404816234055 -7.826063001785071 25 720.0 201.0 1.31 -1.61 -0.03
5.1 2.6 0.7353053251889088 4.54124083529929 -8.54761473433237 25 697.0 201.0 1.45 -1.81 -0.03
5.1 2.6 0.7275653044369557 5.0467921215519285 -9.258065694187875 25 651.0 204.0 1.12 -1.52 -0.08
5.1 2.6 0.7301638285305839 5.456463161571989 -9.890811194917848 25 615.0 204.0 0.33 -0.65 -0.01
5.1 2.6 0.7288127700474598 5.604642088640549 -10.168331135417922 25 573.0 204.0 0.0 -0.33 0.0
5.1 2.6 0.7237056056645252 5.5959257180811735 -10.212734329609145 25 547.0 205.0 -0.26 0.0 0.0
5.1 2.6 0.7221543947842457 5.39544849333517 -10.024020849227677 25 537.0 205.0 -0.53 0.33 0.04
5.1 2.6 0.7276561419155936 5.255986065093241 -9.87971051105373 25 536.0 204.0 -0.33 0.17 -0.05
5.1 2.6 0.7217245856907705 5.1862548640507775 -9.813105759026026 25 543.0 204.0 -0.19 0.06 -0.02
5.1 2.6 0.7169673005726678 5.099090861204831 -9.735400200855395 25 566.0 201.0 -0.18 0.09 -0.02
5.1 2.6 0.7278396646168569 4.977061285063967 -9.646593884034862 25 568.0 200.0 -0.22 0.17 -0.02
5.1 2.6 0.728550807633672 4.881180891330934 -9.557787542226182 25 574.0 200.0 -0.26 0.26 0.0
5.1 2.6 0.7276792685177667 4.680703679508778 -9.335771638279176 25 578.0 198.0 -0.38 0.42 0.02
5.1 2.6 0.6899956027653554 10.084861793406601 -4.418112125070155 25 476.0 69.0 7.94 6.77 -0.11
5.1 2.6 0.6856574575093128 14.809137011673743 -0.39961511973283753 25 504.0 266.0 7.74 6.57 -0.14
5.1 2.6 0.6780392090466358 17.83371677491789 2.16467589705734 25 530.0 451.0 7.43 6.27 -0.1
5.1 2.6 0.675670758881841 2.527755562546295 -11.844555583919073 25 437.0 303.0 -7.4 -6.42 -0.02
5.1 2.6 0.6709228912976126 -0.4445364768805129 -14.453244783270641 25 399.0 120.0 -7.43 -6.49 -0.01
5.1 2.6 0.6764656464245657 16.892357085455988 -1.6429007715868453 25 335.0 195.0 7.84 6.66 -0.12
5.1 2.6 0.6551222960141042 21.08492990768492 1.942667992381281 25 384.0 404.0 5.84 4.98 -0.09
5.1 2.6 0.6816514889386038 10.224328709610573 -6.971296960674844 25 418.0 500.0 -7.17 -6.3 -0.06
5.1 2.6 0.6728487769749504 5.805120607240856 -10.88988471435233 25 365.0 348.0 -7.61 -6.7 -0.03
5.1 2.6 0.6709440509465078 2.719516949900033 -13.63178473656156 25 306.0 173.0 -7.85 -6.88 0.0
5.1 2.6 0.6500796238568168 22.244219148211588 -1.3098637638029174 25 218.0 200.0 9.28 7.56 -0.09
5.1 2.6 0.6478928486492975 25.870226505335783 1.642960470807305 25 297.0 433.0 8.84 7.2 -0.1
5.1 2.6 0.6282539526608331 6.092760874531626 -9.036051413280475 25 409.0 339.0 -9.41 -7.03 0.03
5.1 2.6 0.6322742263462883 0.31379044142779766 -13.409770557676387 25 347.0 132.0 -9.83 -7.44 -0.06
5.1 2.6 0.6442318121579031 23.978755339546712 5.772452110083622 25 493.0 187.0 11.76 9.4 -0.24
5.1 2.6 0.6114871660855153 28.42409650812184 9.302521543643266 25 568.0 449.0 10.31 8.18 -0.21
5.1 2.6 0.630560473599706 6.702902223982404 -1.5430088116791585 25 723.0 515.0 -10.06 -6.95 -0.06
5.1 2.6 0.6335954825070242 2.6236337254422213 -4.3959176458176445 25 702.0 327.0 -10.3 -7.28 -0.03
5.1 2.6 0.6337388912823536 -3.6608864994963244 -8.947246902882968 25 667.0 116.0 -10.66 -7.83 -0.04
5.1 2.6 0.644692496457372 24.47557954149169 8.814072938013174 25 675.0 185.0 11.83 8.36 -0.12
5.1 2.6 0.6375330249455313 29.095246657892403 12.088824765500428 25 712.0 412.0 11.29 7.99 -0.08
5.1 2.6 0.6269442598011831 6.7290544777992825 -4.362613210576315 25 670.0 463.0 -9.98 -7.68 -0.12
5.1 2.6 0.6264398852970937 0.6798789895838541 -9.0693573340027 25 633.0 264.0 -10.17 -7.91 -0.14
5.1 2.6 0.622237281003271 -3.4342620079468724 -12.288590248398126 25 589.0 34.0 -10.34 -8.08 -0.14
5.1 2.6 0.6496091047909597 30.812379360278314 10.190594354753532 25 624.0 247.0 12.16 9.18 -0.18
5.1 2.6 0.6253428618100029 5.273418960328622 -7.1489162400552875 25 664.0 378.0 -10.66 -8.36 -0.13
5.1 2.6 0.6254714290287833 -1.2115797270747153 -12.288590726937871 25 628.0 145.0 -10.88 -8.69 -0.04
5.1 2.6 0.6298592249539235 29.862296246453422 11.322874649949094 25 753.0 472.0 9.88 7.78 0.07
5.1 2.6 0.6336024562504631 7.461230764836553 -4.062890661239921 25 840.0 474.0 -9.98 -7.92 0.03
5.1 2.6 0.6294889012959342 1.3684742709402775 -8.913945461859623 25 828.0 277.0 -10.42 -8.23 0.01
5.1 2.6 0.6311570564892629 -2.8415465507264543 -12.26638809666472 25 811.0 56.0 -10.63 -8.5 -0.02
5.1 2.6 0.6300136009838919 28.023145774825746 10.390400966845913 25 764.0 172.0 9.45 7.47 -0.11
5.1 2.6 0.6294381777432301 4.898613108251269 -6.349658077509293 25 1068.0 343.0 -10.06 -8.02 0.04
5.1 2.6 0.6267835060742238 -1.2464450674492156 -11.278416529813166 25 1083.0 123.0 -10.5 -8.33 0.0
5.1 2.6 0.6330149928715565 31.32663303697936 14.619818237099862 25 879.0 429.0 8.77 6.96 -0.21
5.1 2.6 0.6345281163838248 9.152206691027319 -1.3542926937853237 25 1242.0 624.0 -10.02 -7.93 -0.02
5.1 2.6 0.6333545009281973 4.968342956870924 -4.684537270169549 25 1290.0 438.0 -10.37 -8.2 0.01
5.1 2.6 0.6269544521954399 -1.4207726944099672 -9.768706606519745 25 1346.0 239.0 -10.91 -8.65 0.09
5.1 2.6 0.623905078568731 30.298096340260404 15.65218833424764 25 947.0 421.0 9.27 7.42 -0.07
5.1 2.6 0.6376713673260551 6.380397730647337 -4.395915144739732 25 1326.0 490.0 -9.83 -8.71 0.02
5.1 2.6 0.6340590278294425 2.3621428577124615 -7.948174127099324 25 1356.0 266.0 -10.21 -8.9 0.05
5.1 2.6 -2.2384052157362526 -1.9873314696383575 2.1979547794946934 25 756.0 1019.0 0.01 -0.19 -0.1
5.1 2.6 -2.2360930323561257 -1.926316904154017 2.1646524102952585 25 698.0 959.0 0.16 -0.2 0.13
5.1 2.6 -2.233829486366135 -1.839153247544199 2.0869469116408257 25 665.0 916.0 0.23 -0.31 0.06
5.1 2.6 -2.2302334189375466 -1.743273244629901 1.9870398692329427 25 655.0 903.0 0.25 -0.36 -0.07
5.1 2.6 -2.2323694109877175 -1.647393248244395 1.8760320568471518 25 654.0 896.0 0.24 -0.32 -0.11
5.1 2.6 -2.23222540616594 -1.5689459814429632 1.7650242464303936 25 658.0 891.0 0.13 -0.4 -0.1
5.1 2.6 -2.2309958815535134 -1.6038115122862404 1.5430086631825537 25 664.0 889.0 -0.29 -0.88 -0.33
5.1 2.6 -2.2396161436995095 -1.8653026809203432 1.0767759652108788 25 673.0 882.0 -0.91 -1.58 -0.51
5.1 2.6 -2.243870246406419 -2.3621359422098074 0.31082222497967 25 679.0 887.0 -1.53 -2.29 -0.54
5.1 2.6 -2.2412712454756325 -3.094311441837412 -0.7437517728797832 25 693.0 924.0 -2.09 -2.98 -0.56
5.1 2.6 -2.2402362704237526 -4.035680256677968 -2.064744454062826 25 707.0 981.0 -2.57 -3.61 -0.58
5.1 2.6 0.6447822610524041 8.289294304055149 -13.554071232629965 25 213.0 386.0 -7.11 -5.32 0.12
5.1 2.6 0.6459998647358756 3.887515094805017 -16.862112940287094 25 182.0 230.0 -7.52 -5.72 0.09
5.1 2.6 0.6502208868649344 0.7408943628164001 -19.270987439887595 25 149.0 58.0 -7.78 -5.96 0.1
5.1 2.6 0.6657267967846728 13.397087867803467 -4.984247106901859 25 329.0 60.0 7.01 5.65 -0.09
5.1 2.6 0.6686338941243033 16.203760241580653 -2.71967915251122 25 374.0 235.0 7.05 5.67 -0.08
5.1 2.6 0.6713387529042104 20.43991499110789 0.6882755641396464 25 415.0 399.0 7.1 5.69 -0.08
5.1 2.6 0.6771094361927846 11.026235127563519 -7.7483500495302895 25 427.0 520.0 -8.01 -6.74 -0.05
5.1 2.6 0.6745848218586782 6.101477370794463 -11.933356856203373 25 366.0 351.0 -8.42 -7.04 -0.09
5.1 2.6 0.673045293488775 2.728233056861841 -14.797365193683811 25 296.0 157.0 -8.62 -7.21 -0.06
5.1 2.6 0.679025606313024 20.413772248311243 -1.9204120641644808 25 301.0 225.0 7.76 6.31 -0.05
5.1 2.6 0.6723693768170217 24.99857880431472 1.8316706939585743 25 365.0 404.0 7.58 6.15 -0.12
5.1 2.6 0.6677313009884697 9.971557918879865 -12.344082670483319 25 279.0 283.0 -7.68 -6.53 0.02
5.1 2.6 0.6649449626591545 6.920821424891247 -14.963874756271085 25 199.0 102.0 -7.67 -6.42 -0.01
5.1 2.6 0.6739865104344229 23.080988288755705 -2.841771035171108 25 211.0 151.0 8.16 6.41 -0.12
5.1 2.6 0.6665316979077197 26.314759508929352 -0.2663759466896306 25 291.0 330.0 8.18 6.42 -0.14
5.1 2.6 0.6588152805950976 9.091196961608153 -7.937066506292267 25 450.0 450.0 -10.3 -7.44 0.0
5.1 2.6 0.6582280556347708 4.924763517851752 -11.000891015078238 25 398.0 243.0 -10.68 -7.84 -0.04
5.1 2.6 0.6597684780743459 23.98746903603027 5.694745838030907 25 555.0 211.0 8.94 7.28 -0.1
5.1 2.6 0.6521168510105948 27.48272675086524 8.547662570905413 25 618.0 388.0 8.6 7.0 -0.12
5.1 2.6 0.6530870954182483 10.172029933223447 -8.003670215932853 25 507.0 507.0 -9.85 -9.22 0.04
5.1 2.6 0.6620853106167655 6.267089117456123 -11.64473677771527 25 426.0 298.0 -10.18 -9.35 -0.12
5.1 2.6 -1.0044395168635507 5.883553938489831 0.832561521974071 25 919.0 41.0 9.56 -14.01 -0.09
5.1 2.6 -0.9891285141322279 9.788497269937446 -4.83993901512587 25 934.0 328.0 9.91 -14.36 -0.15
5.1 2.6 -1.0007955273005626 13.867774342832933 -10.745553867666336 25 954.0 626.0 9.94 -14.46 -0.39
5.1 2.6 -1.0318042476985119 11.889144016604208 -1.0767683176806278 25 1094.0 264.0 8.18 -13.09 -0.12
