27.77 -0.33 0.48014517227676873 29.154603152108034 7.4375819651515505 25 1194.0 119.0 13.43 6.74 -0.08
27.77 -0.33 0.47187514702347316 28.274304013810873 7.182261511820084 25 1206.0 165.0 13.33 6.66 -0.14
27.77 -0.33 0.4692461053517202 33.61712535639399 9.846471981914917 25 1218.0 430.0 13.37 6.65 -0.05
27.77 -0.33 0.4711205522206166 38.97737490474088 12.521786932198276 25 1230.0 692.0 13.34 6.69 -0.18
27.77 -0.33 0.4698909083989002 28.90184722447987 7.2266669779497335 25 1201.0 204.0 13.34 6.69 -0.08
27.77 -0.33 0.4695679704335073 34.244668340475926 9.901978684096958 25 1209.0 464.0 13.33 6.7 -0.07
27.77 -0.33 0.4672464887287954 39.61363300022475 12.599495558435219 25 1221.0 731.0 13.31 6.75 -0.07
27.77 -0.33 -2.6566815257032936 19.802497941196794 1.3654225408926262 25 716.0 147.0 -13.39 -6.57 -0.02
27.77 -0.33 -2.653748500343186 17.13543903552993 0.06662310968395842 25 726.0 407.0 -13.39 -6.57 -0.06
27.77 -0.33 -2.6489021658857888 9.090677565517879 -3.8852739799153047 25 740.0 798.0 -13.44 -6.64 -0.16
