8.05 11.29 0.48339636723068735 15.775747800092905 0.7437684293573191 25 363.0 56.0 13.32 6.7 -0.07
8.05 11.29 0.48297412792709826 21.118576811414567 3.4079702004596757 25 378.0 450.0 13.36 6.75 -0.1
8.05 11.29 0.4838307658818101 26.452686292010036 6.083276280067931 25 390.0 716.0 13.4 6.72 -0.08
8.05 11.29 0.46833284298447164 17.62351443158177 1.8427506422940445 25 366.0 85.0 13.35 6.69 -0.12
8.05 11.29 0.4681684533741813 22.975058614438648 4.540256365283741 25 388.0 489.0 13.34 6.72 -0.1
8.05 11.29 0.47187514702347316 28.274304013810873 7.182261511820084 25 403.0 756.0 13.33 6.66 -0.14
8.05 11.29 0.46248610416916397 18.172614874309343 1.8760542318612248 25 370.0 116.0 13.43 6.64 -0.01
8.05 11.29 0.4647436896946766 23.567738379024842 4.551358873948973 25 385.0 522.0 13.42 6.72 -0.19
8.05 11.29 -2.650773274894578 11.75773915496217 -2.575376384215641 25 1551.0 210.0 -13.44 -6.64 -0.12
8.05 11.29 -2.6485257029493874 6.371319714452785 -5.217372347667977 25 1557.0 474.0 -13.48 -6.7 -0.06
8.05 11.29 -2.641109931465012 -1.6821687312265607 -9.191460437195381 25 1564.0 735.0 -13.47 -6.7 0.06
