27.77 -0.33 -2.6861641287764138 18.268485793615447 5.372804759288589 25 549.0 22.0 -18.76 -9.07 -0.09
27.77 -0.33 -2.684905993934495 10.720538107072052 1.6984285388517328 25 557.0 366.0 -18.95 -9.22 -0.03
27.77 -0.33 -2.6776468634565895 3.146435786837927 -1.9870413550039603 25 566.0 917.0 -19.13 -9.37 0.01
27.77 -0.33 0.7503241459515433 33.477643662760535 14.986134804136494 25 1249.0 295.0 15.57 14.36 -0.19
27.77 -0.33 0.7457831064846852 36.589194924712906 17.861252750194247 25 1261.0 671.0 15.61 14.4 -0.21
27.77 -0.33 2.995415405431066 20.369026932378535 1.4209276963224675 25 927.0 208.0 -15.34 2.49 0.0
27.77 -0.33 2.994627789655004 17.1441477386294 1.9537583200147703 25 929.0 472.0 -15.42 2.54 -0.01
27.77 -0.33 2.993172125020299 11.077889690127945 2.9417184100392655 25 934.0 869.0 -15.6 2.56 -0.02
27.77 -0.33 0.7961093942311146 25.746695574933664 9.51342028991774 25 1303.0 230.0 11.0 11.13 -0.06
27.77 -0.33 0.8013225952771047 30.14819609449223 13.964853483965317 25 1305.0 495.0 10.99 11.17 0.03
27.77 -0.33 0.8103449503567556 34.52354355089713 18.416288742826268 25 1308.0 762.0 11.0 11.27 0.01
