10.74 -11.45 -2.67907975911699 -8.358543039138198 -7.60403891480556 25 462.0 402.0 -18.98 -9.29 -0.23
10.74 -11.45 -2.6742501139601296 -15.84550424793739 -11.267289579138634 25 469.0 777.0 -18.49 -9.06 -0.17
10.74 -11.45 0.7592083970692493 11.966915657990308 -4.928741637918559 25 1089.0 71.0 15.28 14.15 -0.04
10.74 -11.45 0.76317693392304 18.076740558701147 0.7326724888670403 25 1098.0 441.0 15.39 14.34 -0.03
10.74 -11.45 0.7568881074574331 24.18655642879772 6.40519177319165 25 1108.0 801.0 15.52 14.38 0.0
10.74 -11.45 2.995976761975561 7.8007164482045415 3.485653522492192 25 352.0 219.0 -15.65 2.58 -0.05
10.74 -11.45 2.9966043988850455 1.5252795551729714 4.506923032687098 25 357.0 495.0 -15.76 2.58 -0.03
10.74 -11.45 0.8120671669628959 6.380036204208988 -10.090617240489015 25 1107.0 57.0 10.47 10.79 0.09
10.74 -11.45 0.8091104785588127 10.60724019941589 -5.783505499588482 25 1109.0 309.0 10.6 10.82 0.02
10.74 -11.45 0.8025114695217946 14.860587340654545 -1.4652907371903672 25 1113.0 563.0 10.74 10.94 -0.04
10.74 -11.45 0.801169947781835 21.38005346923231 5.128594438863504 25 1116.0 821.0 10.91 11.06 -0.05
