8.05 11.29 -2.6776468634565895 3.146435786837927 -1.9870413550039603 25 1382.0 342.0 -19.13 -9.37 0.01
8.05 11.29 -2.67907975911699 -8.358543039138198 -7.60403891480556 25 1383.0 721.0 -18.98 -9.29 -0.23
8.05 11.29 0.7568881074574331 24.18655642879772 6.40519177319165 25 276.0 246.0 15.52 14.38 0.0
8.05 11.29 0.7532392303135734 30.36609031820418 12.12211894452547 25 305.0 633.0 15.58 14.41 0.0
8.05 11.29 2.9966043988850455 1.5252795551729714 4.506923032687098 25 1286.0 204.0 -15.76 2.58 -0.03
8.05 11.29 2.9963126937535147 -4.811166895071747 5.528197498197755 25 1287.0 484.0 -15.88 2.56 -0.04
8.05 11.29 2.995149807133947 -7.98374744330952 6.049937412974818 25 1288.0 765.0 -15.92 2.58 -0.05
8.05 11.29 0.802291409173284 19.18365694095212 2.90843045539006 25 352.0 215.0 10.87 11.04 -0.08
8.05 11.29 0.7961093942311146 25.746695574933664 9.51342028991774 25 354.0 482.0 11.0 11.13 -0.06
8.05 11.29 0.8013225952771047 30.14819609449223 13.964853483965317 25 357.0 756.0 10.99 11.17 0.03
