5.7 -8.6 0.4529819051411488 10.485212837894226 1.02128005704909 25 1207.0 237.0 13.39 6.65 0.06
5.7 -8.6 0.4451270858433585 15.95006906136335 3.7187824200221713 25 1214.0 503.0 13.47 6.61 -0.05
5.7 -8.6 0.4379703561451771 21.31033121635609 6.349683478708289 25 1227.0 902.0 13.46 6.57 0.0
5.7 -8.6 0.44362862507370504 32.21387878053919 11.733606219776021 25 1429.0 364.0 13.59 6.75 -0.19
5.7 -8.6 0.4595984975483757 11.46139173466917 1.1766925018402794 25 1189.0 211.0 13.42 6.7 -0.12
5.7 -8.6 0.4551803628590446 14.119735076536509 2.508792198913651 25 1197.0 481.0 13.37 6.68 -0.02
5.7 -8.6 0.4518851796772818 22.19063421257645 6.516197625359597 25 1209.0 881.0 13.28 6.59 0.13
5.7 -8.6 0.4494566480305532 32.88499798550163 11.811313454306179 25 1411.0 342.0 13.28 6.58 0.07
5.7 -8.6 0.436572388806615 8.044768722621559 -0.8658582893204093 25 1116.0 105.0 13.48 6.83 0.0
5.7 -8.6 0.43260343472031176 10.720546018569962 0.48844233966651385 25 1139.0 368.0 13.41 6.75 -0.05
5.7 -8.6 0.42595262924698407 16.054666350892404 3.152643141938934 25 1170.0 765.0 13.36 6.66 -0.01
5.7 -8.6 0.4207779924061637 29.503258471292742 9.835363058991634 25 486.0 800.0 13.2 6.59 -0.09
5.7 -8.6 0.4403433362629751 5.447432073156947 -2.0092422327601027 25 1154.0 91.0 13.31 6.75 -0.02
5.7 -8.6 0.44874234596756507 10.764122242058722 0.677155796364134 25 1174.0 353.0 13.28 6.75 -0.03
5.7 -8.6 0.44057007233170065 16.054661442306422 3.3302549854869548 25 1202.0 750.0 13.25 6.73 0.0
5.7 -8.6 0.44483275810745737 26.775183464836882 8.725270908762988 25 504.0 776.0 13.23 6.72 0.03
5.7 -8.6 0.4441145221379137 34.86350243462541 12.777092815073079 25 1422.0 468.0 13.25 6.75 -0.04
