5.7 -8.6 0.4455607692387443 6.920417373024952 -0.8103552055672405 25 1192.0 15.0 13.18 6.61 0.03
5.7 -8.6 0.44405539433029695 12.176095337964426 1.8205399582224178 25 1201.0 281.0 13.2 6.61 0.02
5.7 -8.6 0.4463225165989735 17.440485551981503 4.45143850097812 25 1214.0 673.0 13.27 6.69 0.0
5.7 -8.6 0.4452807466175893 22.870473735205763 7.171147299493385 25 1223.0 936.0 13.38 6.64 0.02
5.7 -8.6 0.44929190079239406 33.64328079341842 12.566172481004493 25 1424.0 392.0 13.41 6.74 0.03
5.7 -8.6 0.4475103179600577 6.955280215318849 -0.7104479348432774 25 1184.0 114.0 13.49 6.71 0.0
5.7 -8.6 0.44243128696945666 12.437571059606713 2.02035460921862 25 1210.0 386.0 13.4 6.62 -0.04
5.7 -8.6 0.4374666968968251 17.77168858050672 4.673455139013041 25 1244.0 789.0 13.4 6.61 -0.05
5.7 -8.6 0.43684919277695244 39.25629401793781 15.352499130480414 25 1467.0 759.0 13.34 6.66 -0.04
5.7 -8.6 0.4340998689320424 9.692066362522182 1.0323797801432026 25 1218.0 203.0 13.42 6.64 -0.01
5.7 -8.6 0.43310625950363696 15.008752542183412 3.674377160785533 25 1234.0 477.0 13.4 6.63 -0.08
5.7 -8.6 0.43248792091873683 20.334151126878364 6.3274789212696145 25 1257.0 873.0 13.41 6.67 -0.04
5.7 -8.6 0.43007977406052134 31.133107620374073 11.689197754044923 25 1445.0 321.0 13.43 6.62 -0.05
