10.74 -11.45 -2.420563209052903 1.4817028422435388 -9.335769503574348 25 628.0 187.0 -16.45 -14.46 -0.17
10.74 -11.45 -2.4234635710676735 -8.41085176818337 -17.983285554601682 25 655.0 542.0 -16.49 -14.34 -0.33
10.74 -11.45 0.500851468243871 13.762388487604289 -2.320053912203641 25 1230.0 309.0 17.67 8.6 -0.09
10.74 -11.45 0.5008980790760854 20.665363403255075 1.0546019726591622 25 1233.0 615.0 17.77 8.66 -0.11
10.74 -11.45 0.5006244937565666 31.48175490919207 6.371916779699348 25 1238.0 936.0 17.79 8.75 -0.08
10.74 -11.45 -2.7724004864653176 -10.093000946764096 -4.051782866097659 25 344.0 553.0 -20.62 -7.63 -0.09
10.74 -11.45 -2.7705575108488625 -18.37310357086563 -7.115586774565755 25 353.0 948.0 -20.67 -7.62 0.03
10.74 -11.45 0.590102032819066 11.077889022498505 -2.2867545227489625 25 1279.0 90.0 16.3 10.61 -0.03
10.74 -11.45 0.5922731916096547 17.597360931116118 1.9426570766842917 25 1278.0 433.0 16.43 10.66 -0.04
10.74 -11.45 0.5917272130635122 24.203984336828086 6.227578069161896 25 1277.0 776.0 16.54 10.73 0.0
