9 8 0.4279275695469716 19.140068370237824 3.296957644990065 25 570.0 378.0 13.3 6.63 -0.02
9 8 0.4225219051030018 24.439314419574412 5.938960260532666 25 586.0 642.0 13.31 6.6 0.0
9 8 0.4274919788029533 29.869294732019373 8.658672422252472 25 601.0 904.0 13.32 6.64 -0.1
9 8 0.44700785080460087 18.573535103890986 3.0416378359303393 25 547.0 318.0 13.63 7.01 0.07
9 8 0.4458726207402088 24.142972088442292 5.872353941470676 25 567.0 599.0 13.56 6.93 -0.08
9 8 0.4452851573613024 29.56423599671751 8.625367944447554 25 585.0 873.0 13.54 6.9 -0.08
9 8 0.4204700748112539 24.543906488554693 5.517130596290483 25 565.0 559.0 13.26 6.63 -0.06
9 8 0.4176297942784168 29.9738870655115 8.236842842447663 25 592.0 816.0 13.3 6.54 -0.06
9 8 0.398489908376012 23.323681882766266 5.0064898273416665 25 558.0 559.0 13.42 6.59 0.04
9 8 0.4204700748112539 24.543906488554693 5.517130596290483 25 565.0 559.0 13.26 6.63 -0.06
9 8 0.4176297942784168 29.9738870655115 8.236842842447663 25 592.0 816.0 13.3 6.54 -0.06
9 8 0.398489908376012 23.323681882766266 5.0064898273416665 25 558.0 559.0 13.42 6.59 0.04
9 8 0.4270339767124992 17.15284587961655 2.4310908941231273 25 539.0 51.0 13.75 6.88 -0.02
9 8 0.42831523815659084 22.713567727290695 5.20630174090417 25 566.0 489.0 13.59 6.74 0.09
9 8 0.4284454147007803 28.091252729303964 7.870507934621797 25 580.0 767.0 13.52 6.69 0.06
9 8 0.42916794220474747 33.590955893081066 10.601322946927501 25 591.0 1039.0 13.52 6.67 0.04
