5.5 -12 0.39697678486374405 14.076131627706188 8.569821272919691 25 1602.0 784.0 12.38 5.45 0.04
5.5 -12 0.39645572105911764 19.061604482345867 10.734485296723312 25 1599.0 1002.0 12.56 5.51 -0.02
5.5 -12 3.006861881413732 9.674610683284003 13.776084989224296 25 756.0 208.0 -14.11 1.94 0.04
5.5 -12 0.4084478179600577 15.034874776650696 9.202567073133109 25 1579.0 818.0 12.55 6.11 0.13
5.5 -12 0.41387041012314363 22.608954374915957 12.910247708552847 25 1578.0 1055.0 12.7 6.13 0.08
5.5 -12 2.9725262681629996 12.393971033866702 7.382034490661325 25 997.0 31.0 -14.19 2.35 0.08
5.5 -12 2.9702072898533682 0.6972696494148622 9.169251850579592 25 165.0 466.0 -14.77 2.36 0.01
5.5 -12 2.9702072898533682 0.6972696494148622 9.169251850579592 25 985.0 505.0 -14.77 2.36 0.01
5.5 -12 2.962201074757848 -5.212090052493136 10.068417448053093 25 150.0 712.0 -14.95 2.41 -0.02
5.5 -12 2.95877726475266 -11.330629333569586 11.000890164383089 25 136.0 966.0 -15.12 2.45 0.0
5.5 -12 0.34223349491623417 12.951785310621757 7.04901053578542 25 1567.0 648.0 13.35 5.5 -0.01
5.5 -12 0.34321422974136834 18.434063131463706 9.335783413610855 25 1569.0 884.0 13.49 5.56 0.05
9 8 0.39794702927139813 9.055792540401676 6.360757124597157 25 900.0 76.0 12.06 5.37 0.03
9 8 0.39697678486374405 14.076131627706188 8.569821272919691 25 904.0 304.0 12.38 5.45 0.04
9 8 0.3983754674580432 24.029643091269982 12.899152485820247 25 910.0 761.0 12.35 5.41 -0.18
9 8 0.40461237827805085 28.95410074091637 15.05272233943859 25 910.0 988.0 11.73 5.12 -0.18
9 8 2.9995218078282213 -2.039512110925068 15.341290571950148 25 744.0 676.0 -14.74 1.98 0.03
9 8 0.4127080003407336 10.058116568868261 6.760386099172745 25 890.0 69.0 12.43 6.11 0.14
9 8 0.4084478179600577 15.034874776650696 9.202567073133109 25 898.0 319.0 12.55 6.11 0.13
9 8 0.41079969803360494 20.063924948413703 11.666952784802902 25 904.0 563.0 12.63 6.14 0.13
9 8 0.4102174798634389 25.162698914349647 14.142442687870524 25 905.0 802.0 12.77 6.14 0.04
9 8 0.40212400356796807 33.059256381849046 17.916739373769268 25 906.0 1038.0 13.08 6.15 0.05
9 8 2.962201074757848 -5.212090052493136 10.068417448053093 25 983.0 759.0 -14.95 2.41 -0.02
9 8 2.95877726475266 -11.330629333569586 11.000890164383089 25 979.0 1022.0 -15.12 2.45 0.0
9 8 0.34223349491623417 12.951785310621757 7.04901053578542 25 844.0 201.0 13.35 5.5 -0.01
29.3 -6 0.4013276855137688 26.461366590742713 13.96483606059962 25 1806.0 185.0 12.06 5.29 -0.23
29.3 -6 0.40417285362747707 31.27251748079445 16.051802484802625 25 1794.0 435.0 11.4 4.92 -0.2
29.3 -6 0.40476103226212057 35.700169475604575 17.9722585933822 25 1777.0 680.0 10.64 4.6 -0.07
29.3 -6 0.4037485877659656 37.78325724373404 18.8714326869386 25 1762.0 898.0 10.17 4.34 0.0
29.3 -6 3.0102349082615714 20.761195805442554 12.266398920541334 25 306.0 662.0 -13.36 1.88 0.09
29.3 -6 3.0069604674961905 15.2440502621248 13.021240077422538 25 286.0 889.0 -13.75 1.9 0.1
29.3 -6 0.4018123904850819 27.864612177201035 15.452344575413882 25 1815.0 268.0 12.94 6.15 -0.11
29.3 -6 0.40212400356796807 33.059256381849046 17.916739373769268 25 1803.0 520.0 13.08 6.15 0.05
29.3 -6 0.39953072468308015 38.29747629496407 20.38113754787921 25 1791.0 765.0 13.28 6.22 0.04
29.3 -6 0.3821640769627433 41.086543943700434 21.657741913085037 25 1776.0 1007.0 13.39 5.85 0.0
29.3 -6 2.975525097050939 17.98084767536979 6.493982013160267 25 553.0 729.0 -13.86 2.35 0.13
29.3 -6 2.9725262681629996 12.393971033866702 7.382034490661325 25 540.0 962.0 -14.19 2.35 0.08
29.3 -6 0.33958561817673233 23.846610787424517 11.600358197096782 25 1714.0 83.0 13.63 5.65 0.01
29.3 -6 0.33693333069351716 32.03079532047308 15.030529853771268 25 1713.0 349.0 13.78 5.73 0.07
29.3 -6 0.33697243134048993 34.92445626691898 16.22942686489834 25 1710.0 605.0 13.88 5.68 0.02
29.3 -6 0.3145112554219105 40.4503008675632 18.438509379966597 25 1704.0 860.0 14.04 5.22 -0.07
29.3 -6 2.792392567792211 22.71356903974473 5.061991700639574 25 663.0 584.0 -13.08 4.63 0.11
29.3 -6 2.797002867856298 17.423029276571896 6.860306171379568 25 653.0 809.0 -13.45 4.72 0.13
29.3 -6 2.7995277206089835 12.001753666721903 8.691926221906291 25 645.0 1044.0 -13.78 4.79 0.12
29.3 -6 0.43376048008469137 22.04242022015785 14.10913143270079 25 1833.0 132.0 13.25 7.22 0.05
29.3 -6 0.4312079707768304 27.48982485177238 17.106360902034428 25 1833.0 397.0 13.41 7.28 0.02
29.3 -6 0.42670519749191804 32.841351300321385 20.025888188844526 25 1837.0 658.0 13.61 7.26 0.02
29.3 -6 0.3525000373509267 38.271318001569725 22.734504743349753 25 1836.0 922.0 13.89 6.21 -0.22
29.3 -6 3.1150134364750723 18.46893067172908 8.858451060062844 25 385.0 652.0 -13.7 0.25 0.15
29.3 -6 3.108991221585546 12.97793175806873 8.936145773557051 25 373.0 876.0 -14.1 0.27 0.11
29.3 -6 0.5274469415333609 23.88146048970404 14.264543783508751 25 1819.0 258.0 12.17 7.88 0.03
29.3 -6 0.5275055925038196 28.74489966258963 17.42828329168759 25 1821.0 523.0 12.31 7.95 0.03
29.3 -6 0.5212809602406364 33.80879906837943 20.714135201618998 25 1822.0 787.0 12.46 8.0 0.06
29.3 -6 0.5218727151539662 38.785536255133316 23.92228445219079 25 1822.0 1047.0 12.53 8.09 -0.11
9 8 0.34321422974136834 18.434063131463706 9.335783413610855 25 855.0 451.0 13.49 5.56 0.05
9 8 0.33958561817673233 23.846610787424517 11.600358197096782 25 863.0 699.0 13.63 5.65 0.01
9 8 0.340753630795751 29.2940188095457 13.876037571209226 25 868.0 944.0 13.75 5.7 0.04
9 8 2.8071237365391593 -5.142359762561552 14.331118814239703 25 920.0 780.0 -14.57 4.45 0.0
9 8 0.4400261203434806 11.531096842767205 8.292296865265916 25 897.0 157.0 12.94 7.09 0.1
9 8 0.43756993214157636 16.804192176456564 11.211813251408303 25 914.0 414.0 13.06 7.16 0.09
9 8 0.43376048008469137 22.04242022015785 14.10913143270079 25 927.0 667.0 13.25 7.22 0.05
9 8 0.4312079707768304 27.48982485177238 17.106360902034428 25 939.0 920.0 13.41 7.28 0.02
9 8 3.10923154751328 -4.418946428172758 9.135950677750698 25 933.0 722.0 -14.91 0.24 0.11
9 8 3.1114557544377184 -10.485192300586165 9.191460231922413 25 930.0 977.0 -15.1 0.22 0.08
9 8 0.5286714593556265 14.215581464504401 7.9814768140400645 25 817.0 255.0 11.88 7.73 0.06
9 8 0.5274469415333609 23.88146048970404 14.264543783508751 25 854.0 755.0 12.17 7.88 0.03
9 8 0.5275055925038196 28.74489966258963 17.42828329168759 25 869.0 1005.0 12.31 7.95 0.03
5.5 -12 2.8018233338978624 0.7321327538962499 12.466184935166051 25 107.0 636.0 -14.27 4.87 0.1
5.5 -12 2.8071237365391593 -5.142359762561552 14.331118814239703 25 94.0 885.0 -14.57 4.45 0.0
5.5 -12 0.4400261203434806 11.531096842767205 8.292296865265916 25 1579.0 664.0 12.94 7.09 0.1
5.5 -12 0.43756993214157636 16.804192176456564 11.211813251408303 25 1588.0 911.0 13.06 7.16 0.09
5.5 -12 3.110797599950109 7.338763233684082 9.013844164004164 25 936.0 240.0 -14.43 0.25 0.11
5.5 -12 3.110047177472387 1.4294028049207002 9.069344871495929 25 933.0 473.0 -14.7 0.24 0.13
5.5 -12 0.5286714593556265 14.215581464504401 7.9814768140400645 25 1494.0 816.0 11.88 7.73 0.06
5.5 -12 0.5314825336125233 19.07902840344973 11.14521051038087 25 1506.0 1058.0 12.04 7.83 0.01
9 8 0.4279275695469716 19.140068370237824 3.296957644990065 25 570.0 378.0 13.3 6.63 -0.02
9 8 0.4225219051030018 24.439314419574412 5.938960260532666 25 586.0 642.0 13.31 6.6 0.0
9 8 0.4274919788029533 29.869294732019373 8.658672422252472 25 601.0 904.0 13.32 6.64 -0.1
9 8 0.44700785080460087 18.573535103890986 3.0416378359303393 25 547.0 318.0 13.63 7.01 0.07
9 8 0.4458726207402088 24.142972088442292 5.872353941470676 25 567.0 599.0 13.56 6.93 -0.08
9 8 0.4452851573613024 29.56423599671751 8.625367944447554 25 585.0 873.0 13.54 6.9 -0.08
9 8 0.4204700748112539 24.543906488554693 5.517130596290483 25 565.0 559.0 13.26 6.63 -0.06
9 8 0.4176297942784168 29.9738870655115 8.236842842447663 25 592.0 816.0 13.3 6.54 -0.06
9 8 0.398489908376012 23.323681882766266 5.0064898273416665 25 558.0 559.0 13.42 6.59 0.04
9 8 0.4204700748112539 24.543906488554693 5.517130596290483 25 565.0 559.0 13.26 6.63 -0.06
9 8 0.4176297942784168 29.9738870655115 8.236842842447663 25 592.0 816.0 13.3 6.54 -0.06
9 8 0.398489908376012 23.323681882766266 5.0064898273416665 25 558.0 559.0 13.42 6.59 0.04
9 8 0.4270339767124992 17.15284587961655 2.4310908941231273 25 539.0 51.0 13.75 6.88 -0.02
9 8 0.42831523815659084 22.713567727290695 5.20630174090417 25 566.0 489.0 13.59 6.74 0.09
9 8 0.4284454147007803 28.091252729303964 7.870507934621797 25 580.0 767.0 13.52 6.69 0.06
9 8 0.42916794220474747 33.590955893081066 10.601322946927501 25 591.0 1039.0 13.52 6.67 0.04
5.5 -12 0.42695887486008177 8.602578001315766 -2.519874826356019 25 1211.0 94.0 13.34 6.73 -0.1
5.5 -12 0.42456896702316804 14.006421693996455 0.21092726461129732 25 0.0 363.0 13.23 6.62 0.02
5.5 -12 0.42283840576675935 16.629899289137363 1.5319263631751745 25 535.0 293.0 13.22 6.6 -0.04
5.5 -12 0.422271684804235 19.262091898264682 2.86402713446214 25 1262.0 754.0 13.24 6.68 -0.14
5.5 -12 0.4204700748112539 24.543906488554693 5.517130596290483 25 1284.0 1011.0 13.26 6.63 -0.06
5.5 -12 0.40828581253555796 7.269047100055136 -2.9195042268122116 25 1240.0 113.0 13.31 6.56 -0.09
5.5 -12 0.4060804406788683 12.577016228156225 -0.2997114324818605 25 1257.0 384.0 13.39 6.55 -0.12
5.5 -12 0.3989712754872182 17.884981896704428 2.3200848914281544 25 1284.0 782.0 13.38 6.53 0.01
5.5 -12 0.3989712754872182 17.884981896704428 2.3200848914281544 25 537.0 288.0 13.38 6.53 0.01
5.5 -12 0.398489908376012 23.323681882766266 5.0064898273416665 25 1304.0 1052.0 13.42 6.59 0.04
5.5 -12 0.42695887486008177 8.602578001315766 -2.519874826356019 25 1211.0 94.0 13.34 6.73 -0.1
5.5 -12 0.42456896702316804 14.006421693996455 0.21092726461129732 25 0.0 363.0 13.23 6.62 0.02
5.5 -12 0.42283840576675935 16.629899289137363 1.5319263631751745 25 535.0 293.0 13.22 6.6 -0.04
5.5 -12 0.422271684804235 19.262091898264682 2.86402713446214 25 1262.0 754.0 13.24 6.68 -0.14
5.5 -12 0.4204700748112539 24.543906488554693 5.517130596290483 25 1284.0 1011.0 13.26 6.63 -0.06
5.5 -12 0.40828581253555796 7.269047100055136 -2.9195042268122116 25 1240.0 113.0 13.31 6.56 -0.09
5.5 -12 0.4060804406788683 12.577016228156225 -0.2997114324818605 25 1257.0 384.0 13.39 6.55 -0.12
5.5 -12 0.3989712754872182 17.884981896704428 2.3200848914281544 25 1284.0 782.0 13.38 6.53 0.01
5.5 -12 0.3989712754872182 17.884981896704428 2.3200848914281544 25 537.0 288.0 13.38 6.53 0.01
5.5 -12 0.398489908376012 23.323681882766266 5.0064898273416665 25 1304.0 1052.0 13.42 6.59 0.04
5.5 -12 0.4281955520298819 11.661847278062583 -0.3330151414336346 25 1261.0 290.0 13.93 6.97 0.01
5.5 -12 0.42831523815659084 22.713567727290695 5.20630174090417 25 1281.0 991.0 13.59 6.74 0.09
7.4 -0.7 -0.2056706388804577 10.145868399115592 -1.021266809731461 25 916.0 124.0 14.57 -2.4 -0.03
7.4 -0.7 -0.2000738819453378 16.142741105254995 -2.086933374091473 25 937.0 387.0 14.26 -2.27 -0.08
7.4 -0.7 3.119468883672033 5.491322471439942 -0.2553165412627669 25 892.0 169.0 -13.23 -0.99 -0.22
7.4 -0.7 3.12149174610642 -0.05229831309453688 -0.5217376589702244 25 919.0 394.0 -13.66 -1.02 -0.16
7.4 -0.7 -0.42634491523238627 10.939063399967305 -3.9518759993256323 25 855.0 255.0 14.08 -5.5 0.05
7.4 -0.7 -0.41909913619491085 16.805195493017564 -6.382940123479822 25 861.0 518.0 14.21 -5.52 -0.04
7.4 -0.7 -0.38037209113570647 14.896308725976146 -4.962043606386435 25 830.0 211.0 13.28 -4.99 -0.07
7.4 -0.7 -0.44192425807448804 9.248089938716381 -5.916720983849242 25 748.0 120.0 14.38 -6.56 -0.06
7.4 -0.7 -0.44385258754226176 15.009628841296918 -8.558702649945724 25 758.0 387.0 14.28 -6.76 -0.04
7.4 -0.7 0.6826050440457206 11.29645519023185 -14.453235318389453 25 295.0 35.0 2.31 1.86 -0.1
7.4 -0.7 0.6811002055790758 12.028631723471413 -13.842689955402989 25 300.0 161.0 1.47 1.12 -0.01
7.4 -0.7 0.6767099658635 12.621345747922843 -13.34315260028613 25 311.0 269.0 0.72 0.53 0.07
7.4 -0.7 0.6772064725544789 12.839255222143604 -13.18774078561625 25 315.0 306.0 0.45 0.26 0.09
7.4 -0.7 0.6761065284397937 12.978717279436477 -13.132236323167724 25 318.0 336.0 0.27 0.1 0.11
7.4 -0.7 0.680444554486547 13.06588107399559 -13.12113520823536 25 317.0 345.0 0.15 0.04 0.13
7.4 -0.7 0.6818544427540638 13.10074656884501 -13.143336614663188 25 315.0 351.0 0.0 0.07 0.13
7.4 -0.7 0.6808742443707326 13.074597227511132 -13.121134945809628 25 313.0 354.0 -0.21 0.19 0.17
7.4 -0.7 0.6802085200932364 12.961283807137637 -13.043429411467628 25 312.0 356.0 -0.44 0.36 0.19
7.4 -0.7 0.6788410107281544 12.673642134163329 -12.799212121874868 25 312.0 357.0 -0.64 0.53 0.19
7.4 -0.7 0.675352052846227 12.429582611688856 -12.610498810342337 25 319.0 355.0 -0.72 0.51 0.2
7.4 -0.7 0.6734017888691762 12.159373942445379 -12.443987129343293 25 337.0 353.0 -0.8 0.42 0.18
7.4 -0.7 0.6733945171025134 11.854299796320655 -12.321878721410412 25 352.0 351.0 -0.84 0.26 0.17
7.4 -0.7 0.6755332509663441 11.52307653845475 -12.255274324274403 25 367.0 347.0 -0.89 0.14 0.17
7.4 -0.7 0.6748944083836416 11.000092686882667 -12.255275009012353 25 382.0 340.0 -0.96 -0.07 0.14
7.4 -0.7 0.6762897531178338 10.60785491446188 -12.332981108446363 25 394.0 331.0 -1.01 -0.2 0.14
7.4 -0.7 0.680314735570226 10.119736860228997 -12.477292111398999 25 411.0 312.0 -0.62 -0.14 0.05
7.4 -0.7 0.675887660184179 9.893110597218394 -12.532796376494018 25 419.0 298.0 -0.57 -0.01 0.1
7.4 -0.7 0.6786329309132436 9.561887531283972 -12.56609914974798 25 430.0 273.0 -0.55 0.04 0.1
7.4 -0.7 0.6779760877278188 9.35269397369484 -12.554998576073821 25 437.0 258.0 -0.55 0.12 0.1
7.4 -0.7 0.6788744489338737 9.02147074861373 -12.455091725369467 25 445.0 251.0 -0.59 0.27 0.09
7.4 -0.7 0.6796704689648487 8.803560698309944 -12.35518474897583 25 457.0 240.0 -0.57 0.3 0.07
7.4 -0.7 0.6870221654560903 8.498486635285008 -12.199773872969518 25 467.0 236.0 -0.41 0.24 0.05
7.4 -0.7 0.6845258633282522 8.385173414836132 -12.133169203074367 25 486.0 229.0 -0.15 0.09 0.04
7.4 -0.7 0.6857474605229239 8.33287505020126 -12.122068495970591 25 499.0 224.0 -0.06 0.02 0.01
7.4 -0.7 0.6876362125065665 8.298009467993953 -12.122068535717016 25 509.0 222.0 -0.14 0.09 0.03
7.4 -0.7 0.6901385347035269 8.175979827469119 -12.033262269497053 25 512.0 222.0 -0.28 0.26 0.03
7.4 -0.7 0.6925308267262318 8.053950164289244 -11.922254399255845 25 514.0 222.0 -0.33 0.31 0.03
7.4 -0.7 0.6933183828976491 7.905771304966082 -11.789044969838601 25 522.0 222.0 -0.42 0.42 0.01
7.4 -0.7 0.692292229333196 7.618129946033742 -11.47822288444508 25 531.0 220.0 -0.53 0.55 0.01
7.4 -0.7 0.6904985467579701 7.408936246963727 -11.256207104626514 25 546.0 218.0 -0.52 0.55 0.01
7.4 -0.7 0.6933998624470572 7.182309754613459 -11.023090529751121 25 561.0 217.0 -0.24 0.22 -0.01
7.4 -0.7 0.6986398259785513 7.112578549796153 -10.96758660643291 25 585.0 215.0 -0.08 0.07 -0.02
7.4 -0.7 0.6978671709683275 7.095145775541128 -10.967586648012794 25 596.0 215.0 0.02 -0.02 0.0
7.4 -0.7 0.6997007886555532 7.103862211344456 -10.989788271919439 25 603.0 214.0 0.04 -0.04 -0.04
7.4 -0.7 0.6985760490086418 7.121295044815816 -11.000889106369707 25 607.0 216.0 0.06 -0.01 -0.01
7.4 -0.7 0.7003523866322375 7.147444278095801 -11.023090724300058 25 607.0 215.0 0.04 0.0 0.0
7.4 -0.7 0.704258279004369 7.156160716570482 -11.045292349869536 25 608.0 214.0 0.0 -0.04 -0.03
7.4 -0.7 0.7032783190396168 7.103862385842795 -11.067494032576803 25 609.0 216.0 -0.16 0.07 -0.05
7.4 -0.7 0.7057548920300344 6.990549218441394 -10.989788603293745 25 609.0 216.0 -0.36 0.33 -0.03
7.4 -0.7 0.7070914069798329 6.816221186086731 -10.812176006316351 25 609.0 215.0 -0.56 0.56 -0.02
7.4 -0.7 0.7054859558728077 6.4326994846507235 -10.390345994636103 25 614.0 213.0 -0.73 0.81 -0.02
7.4 -0.7 0.709977344670568 6.136341798551976 -10.03512066103804 25 633.0 212.0 -0.81 0.91 0.0
7.4 -0.7 0.7127767960217335 5.674372486302241 -9.468980219850348 25 651.0 211.0 -0.78 0.91 0.0
7.4 -0.7 0.7137670675900317 5.378014852733923 -9.102654046796799 25 672.0 210.0 -0.75 0.89 0.0
7.4 -0.7 0.7145232717182974 5.081657251093554 -8.747428660279072 25 705.0 208.0 -0.73 0.86 -0.01
7.4 -0.7 0.7151948968556264 4.654553702420842 -8.236792156830873 25 726.0 206.0 -0.71 0.84 -0.02
7.4 -0.7 0.716641024747167 4.366912568152818 -7.903768337450468 25 756.0 204.0 -0.72 0.85 -0.02
7.4 -0.7 0.7185946265843252 3.931092704415835 -7.393131778934967 25 776.0 203.0 -0.7 0.88 0.0
7.4 -0.7 0.7188183228161674 3.6434516208937926 -7.049007124218954 25 804.0 201.0 -0.72 0.89 0.0
7.4 -0.7 0.7204165617611747 3.1814826601411674 -6.516168923145193 25 824.0 199.0 -0.77 0.91 0.0
7.4 -0.7 0.7251359383252007 2.885125248475406 -6.183145030602051 25 852.0 197.0 -0.62 0.73 0.03
7.4 -0.7 0.7235567132618763 2.641066226919834 -5.905625127017588 25 873.0 196.0 -0.18 0.23 -0.03
7.4 -0.7 0.7260591546681263 2.5713350914845483 -5.861221952094006 25 896.0 194.0 -0.05 0.11 -0.01
7.4 -0.7 0.7288717786457877 2.57133511033675 -5.894524368181643 25 912.0 192.0 0.17 -0.14 0.0
7.4 -0.7 0.7302925149586541 2.6759318410710735 -6.027733940304538 25 915.0 190.0 0.43 -0.44 -0.02
7.4 -0.7 0.7313357154515125 3.015871240004191 -6.471765835139048 25 918.0 189.0 0.77 -0.89 -0.03
7.4 -0.7 0.7340263287213187 3.34709429221804 -6.937999311526768 25 912.0 190.0 1.0 -1.22 -0.03
7.4 -0.7 0.7354104081776479 3.765481341531864 -7.504139915929434 25 891.0 190.0 1.21 -1.49 -0.03
7.4 -0.7 0.7353053251889088 4.54124083529929 -8.54761473433237 25 868.0 190.0 1.45 -1.81 -0.03
7.4 -0.7 0.7275653044369557 5.0467921215519285 -9.258065694187875 25 824.0 192.0 1.12 -1.52 -0.08
7.4 -0.7 0.7301638285305839 5.456463161571989 -9.890811194917848 25 787.0 192.0 0.33 -0.65 -0.01
7.4 -0.7 0.7285311977055409 5.569776458574993 -10.101726351222315 25 744.0 194.0 0.09 -0.44 0.0
7.4 -0.7 0.7237056056645252 5.5959257180811735 -10.212734329609145 25 718.0 195.0 -0.26 0.0 0.0
7.4 -0.7 0.7207243005421498 5.473896113100634 -10.112827206215352 25 707.0 195.0 -0.55 0.32 0.0
7.4 -0.7 0.7276561419155936 5.255986065093241 -9.87971051105373 25 707.0 194.0 -0.33 0.17 -0.05
7.4 -0.7 0.7217245856907705 5.1862548640507775 -9.813105759026026 25 715.0 192.0 -0.19 0.06 -0.02
7.4 -0.7 0.7169673005726678 5.099090861204831 -9.735400200855395 25 734.0 191.0 -0.18 0.09 -0.02
7.4 -0.7 0.7242365638401843 5.020643280086479 -9.679896257343545 25 738.0 188.0 -0.19 0.12 -0.01
7.4 -0.7 0.7291631857540946 4.933479283831938 -9.60219070697581 25 743.0 188.0 -0.23 0.2 0.0
7.4 -0.7 0.7288884679463249 4.759151283261379 -9.424577999439116 25 747.0 186.0 -0.33 0.36 0.02
3.8 3.4 0.6600864092495776 9.596757566809625 -15.9740450749129 25 308.0 43.0 0.68 0.65 0.05
3.8 3.4 0.6509913365033011 9.81466724205688 -15.763129470632117 25 312.0 91.0 0.39 0.35 0.1
3.8 3.4 0.6580988923695426 9.919263826441666 -15.652121208575581 25 315.0 117.0 0.13 0.24 0.05
3.8 3.4 0.6529857675221302 9.884397860736845 -15.452306678108993 25 315.0 129.0 -0.24 0.41 0.08
3.8 3.4 0.6549980203297475 9.74493518760905 -15.274693975936376 25 314.0 132.0 -0.42 0.49 0.04
3.8 3.4 0.6574139157917837 9.553174090474354 -15.052678169795694 25 318.0 133.0 -0.52 0.59 0.04
3.8 3.4 0.6616531769421439 9.33526378551101 -14.819561581515279 25 329.0 130.0 -0.55 0.61 0.06
3.8 3.4 0.666843012967382 9.13478626946906 -14.597545706327267 25 342.0 128.0 -0.45 0.46 0.11
3.8 3.4 0.6674747625973564 8.943025251631687 -14.431033853577667 25 356.0 126.0 -0.22 0.12 0.06
3.8 3.4 0.6638425151493886 8.847144820191057 -14.419933110100878 25 375.0 121.0 -0.28 -0.02 0.11
3.8 3.4 0.669186488786016 8.62051849873376 -14.508739669259764 25 380.0 121.0 -0.43 -0.25 0.09
3.8 3.4 0.6746037165310719 8.454906990804755 -14.619747752964239 25 382.0 117.0 -0.35 -0.26 0.11
3.8 3.4 0.6707708398487904 8.332877502028607 -14.730755836823182 25 381.0 104.0 -0.11 -0.11 0.05
3.8 3.4 0.6713287393238884 8.29801194773964 -14.775159059507338 25 380.0 93.0 -0.05 -0.07 0.04
3.8 3.4 0.673114494481359 8.271862767280522 -14.797360674401764 25 378.0 84.0 -0.07 0.03 0.05
3.8 3.4 0.6774704019215446 8.254429929310355 -14.775159065117043 25 376.0 82.0 -0.05 0.05 0.04
3.8 3.4 0.6789944330838061 8.236997144758755 -14.78625988378024 25 375.0 83.0 -0.01 -0.03 0.04
3.8 3.4 0.6805696050312857 8.236997165194035 -14.79736069892506 25 377.0 81.0 -0.02 -0.01 0.05
3.8 3.4 0.6829802552845814 8.236997197407616 -14.797360756770697 25 378.0 83.0 0.01 0.0 0.05
3.8 3.4 0.6839226047184804 8.245713604537238 -14.808461542405475 25 378.0 83.0 0.02 0.0 0.07
3.8 3.4 0.6839702288296561 8.254430007624162 -14.808461540222167 25 378.0 84.0 0.0 0.01 0.04
3.8 3.4 0.6833707849171501 8.254430060273027 -14.819562412848486 25 377.0 85.0 0.01 -0.02 0.01
3.8 3.4 0.6857839385655261 8.263146511387717 -14.830663276371272 25 377.0 86.0 0.02 -0.02 0.0
3.8 3.4 0.6853549043324332 8.280579329578682 -14.830663293016304 25 377.0 87.0 0.01 -0.01 0.01
3.8 3.4 0.6856123367932179 8.289295733519804 -14.841764071487756 25 377.0 90.0 0.02 0.0 0.0
3.8 3.4 0.686242357888494 8.298012133865676 -14.841764062549107 25 377.0 92.0 0.0 0.01 0.0
3.8 3.4 0.68523766199616 8.289295742594048 -14.841764088490194 25 378.0 94.0 -0.04 -0.01 -0.03
3.8 3.4 0.6863805214550834 8.254430185104324 -14.863965750863946 25 379.0 98.0 -0.05 -0.04 -0.04
3.8 3.4 0.6882020990040639 8.236997404855838 -14.875066580740004 25 381.0 101.0 -0.03 -0.02 -0.02
3.8 3.4 0.690782801308904 8.22828100745284 -14.875066594416143 25 382.0 101.0 0.01 0.03 0.0
3.8 3.4 0.6944686333325248 8.245713795071454 -14.863965776162004 25 384.0 103.0 0.03 0.02 0.0
3.8 3.4 0.6950616399433951 8.263146612038454 -14.852865013690735 25 385.0 106.0 0.0 0.02 -0.01
3.8 3.4 0.6975650350239615 8.263146646799251 -14.852865077163504 25 388.0 110.0 0.0 0.01 0.0
3.8 3.4 0.6986075202610832 8.263146666380333 -14.852865111653564 25 390.0 114.0 0.0 0.03 0.0
3.8 3.4 0.7012677351620533 8.263146649976651 -14.841764303918682 25 394.0 121.0 0.0 0.02 -0.01
3.8 3.4 0.7007672349598746 8.263146674204721 -14.84176434816261 25 395.0 122.0 0.01 0.01 0.0
3.8 3.4 0.7015527645733691 8.271863087402826 -14.841764364356562 25 396.0 125.0 0.01 0.03 0.0
3.8 3.4 0.7021173993733265 8.289295894654305 -14.830663582618385 25 400.0 131.0 0.03 0.03 0.0
3.8 3.4 0.7020464102413991 8.298012282154756 -14.81956277120558 25 402.0 134.0 0.02 0.03 0.0
3.8 3.4 0.7025802294400074 8.315445081405924 -14.819562755625023 25 405.0 140.0 0.0 0.04 0.0
3.8 3.4 0.7052526632931571 8.324161499452835 -14.819562779190855 25 407.0 145.0 0.01 0.0 0.0
3.8 3.4 0.7066974202778675 8.33287790909268 -14.819562789395805 25 410.0 149.0 0.0 0.0 0.0
3.8 3.4 0.7081714431431629 8.332877923370695 -14.830663593083413 25 413.0 153.0 -0.01 0.0 0.0
3.8 3.4 0.7074015299465995 8.324161533129189 -14.841764397012595 25 417.0 158.0 -0.02 0.0 0.02
3.8 3.4 0.7096426645901542 8.29801233878771 -14.85286520915046 25 418.0 161.0 -0.03 0.0 0.02
3.8 3.4 0.7177270213749749 8.298012330963326 -14.863965972277278 25 421.0 166.0 0.0 -0.01 0.03
3.8 3.4 0.7139538089421134 8.289295915896279 -14.875066734505896 25 424.0 167.0 -0.01 -0.01 0.03
3.8 3.4 0.7155939499523976 8.280579514059205 -14.8861675171826 25 428.0 171.0 -0.01 -0.02 0.01
3.8 3.4 0.7146137515690664 8.263146695212164 -14.897268278396568 25 429.0 174.0 -0.01 -0.01 0.02
3.8 3.4 0.7163120667126515 8.25443026556969 -14.897268233214119 25 433.0 179.0 -0.02 0.03 0.03
3.8 3.4 0.7205958525326587 8.236997410085506 -14.886167367709849 25 435.0 179.0 -0.02 0.04 0.03
3.8 3.4 0.7220885316517691 8.228280963617799 -14.875066514305068 25 439.0 184.0 -0.03 0.05 0.03
3.8 3.4 0.7225483218815664 8.210848103519341 -14.852864864539022 25 441.0 186.0 -0.01 0.03 0.01
3.8 3.4 0.7253900329258777 8.210848074035711 -14.841764033040578 25 444.0 191.0 0.02 0.05 0.01
3.8 3.4 0.7238952676442008 8.219564471251688 -14.830663241987095 25 448.0 192.0 0.02 0.04 -0.01
3.8 3.4 0.7249843637135365 8.219564481597397 -14.819562482017908 25 453.0 195.0 0.0 0.05 -0.01
3.8 3.4 0.7252137223866323 8.219564512352493 -14.81956253763714 25 454.0 197.0 0.01 0.03 -0.02
3.8 3.4 0.7258019010212755 8.228280917106542 -14.808461759777387 25 455.0 199.0 0.03 0.04 -0.01
3.8 3.4 0.7258933345463616 8.245713750898775 -14.808461805164304 25 457.0 201.0 0.02 0.02 -0.02
3.8 3.4 0.7280473271992546 8.254430172540939 -14.8195626157761 25 459.0 202.0 0.04 0.0 0.0
3.8 3.4 0.7320580641415457 8.33287782957411 -14.89726809553491 25 461.0 204.0 0.28 -0.28 0.01
3.8 3.4 0.7357650558140615 8.49848961665585 -15.097082279700434 25 462.0 205.0 0.6 -0.74 0.01
3.8 3.4 0.7235568920758108 8.890728300135388 -15.663222729017411 25 465.0 207.0 0.61 -0.84 -0.03
3.8 3.4 0.7289728085186817 9.030191057657627 -15.929641843289673 25 458.0 208.0 0.25 -0.43 0.03
3.8 3.4 0.7321889559414723 9.1435045339024 -16.17385927809693 25 422.0 209.0 0.16 -0.43 0.02
3.8 3.4 0.7336723367359972 9.221952357731208 -16.373673546332242 25 411.0 209.0 0.21 -0.53 -0.01
3.8 3.4 0.7323325435307362 9.317833070535835 -16.61789104608792 25 403.0 210.0 0.24 -0.64 -0.01
3.8 3.4 0.735785321393285 9.483445282431154 -17.10632602616634 25 396.0 208.0 0.34 -1.01 0.0
3.8 3.4 0.7292253533985952 9.692639783749025 -17.783474587427996 25 384.0 206.0 0.3 -1.0 -0.05
3.8 3.4 0.72775258223084 9.753655053551912 -18.083196249442103 25 373.0 204.0 0.1 -0.53 -0.01
3.8 3.4 0.7308556000378467 9.779804530480055 -18.271909872796137 25 343.0 194.0 -0.03 -0.14 -0.01
3.8 3.4 0.7327361861851552 9.779804590987743 -18.316313081450776 25 328.0 188.0 -0.05 -0.05 -0.01
3.8 3.4 0.7352230111744741 9.805953583996642 -18.249708000909735 25 323.0 184.0 0.01 0.01 0.01
3.8 3.4 0.7348610917713978 9.81467000307633 -18.260808796114755 25 322.0 183.0 0.01 -0.01 0.0
3.8 3.4 0.733775989213262 9.805953565008632 -18.27190951329077 25 315.0 176.0 -0.01 0.0 0.0
3.8 3.4 0.7322929660466055 9.805953610660945 -18.294111144608813 25 312.0 173.0 0.02 0.01 0.0
3.8 3.4 0.7356292764332634 9.814670031666681 -18.29411116989725 25 309.0 169.0 0.0 0.02 0.01
3.8 3.4 0.7392182509091237 9.805953617014248 -18.283010384853903 25 306.0 167.0 0.0 0.02 0.0
3.8 3.4 0.7379257241871692 9.788520794314088 -18.260808828088958 25 300.0 158.0 -0.02 0.03 0.02
7.4 -0.7 0.6899956027653554 10.084861793406601 -4.418112125070155 25 662.0 60.0 7.94 6.77 -0.11
7.4 -0.7 0.6870216886189323 13.248906419463824 -1.731713870543732 25 686.0 254.0 7.82 6.66 -0.12
7.4 -0.7 0.6780392090466358 17.83371677491789 2.16467589705734 25 708.0 439.0 7.43 6.27 -0.1
7.4 -0.7 0.6749230186131338 6.9121005165056495 -8.014776041425725 25 651.0 457.0 -7.26 -6.31 0.02
7.4 -0.7 0.6747167269375662 4.00082622814099 -10.556861837552749 25 623.0 291.0 -7.36 -6.37 0.0
7.4 -0.7 0.6696375171330311 -1.9263250653003479 -15.752038581682523 25 591.0 110.0 -7.49 -6.54 0.0
7.4 -0.7 0.6764656464245657 16.892357085455988 -1.6429007715868453 25 533.0 183.0 7.84 6.66 -0.12
7.4 -0.7 0.6511432091381888 19.82977336102798 0.8658870457907026 25 570.0 391.0 6.71 5.7 0.11
7.4 -0.7 0.6816514889386038 10.224328709610573 -6.971296960674844 25 596.0 474.0 -7.17 -6.3 -0.06
7.4 -0.7 0.6770119825985769 7.304339667757539 -9.568887958811212 25 553.0 325.0 -7.45 -6.58 -0.03
7.4 -0.7 0.6709440509465078 2.719516949900033 -13.63178473656156 25 503.0 149.0 -7.85 -6.88 0.0
7.4 -0.7 0.6500796238568168 22.244219148211588 -1.3098637638029174 25 415.0 184.0 9.28 7.56 -0.09
7.4 -0.7 0.6478928486492975 25.870226505335783 1.642960470807305 25 475.0 415.0 8.84 7.2 -0.1
7.4 -0.7 0.6299465457585195 9.7797928267862 -6.271947656185145 25 631.0 486.0 -9.13 -6.77 0.0
7.4 -0.7 0.6282539526608331 6.092760874531626 -9.036051413280475 25 593.0 312.0 -9.41 -7.03 0.03
7.4 -0.7 0.6322742263462883 0.31379044142779766 -13.409770557676387 25 543.0 105.0 -9.83 -7.44 -0.06
7.4 -0.7 0.6442318121579031 23.978755339546712 5.772452110083622 25 677.0 171.0 11.76 9.4 -0.24
7.4 -0.7 0.6298477808621266 30.393991962430977 10.878842814531758 25 730.0 434.0 9.44 7.49 -0.22
7.4 -0.7 0.630560473599706 6.702902223982404 -1.5430088116791585 25 888.0 492.0 -10.06 -6.95 -0.06
7.4 -0.7 0.6349181095745899 0.5578491412503305 -5.872324954564719 25 876.0 304.0 -10.48 -7.52 -0.15
7.4 -0.7 0.6337388912823536 -3.6608864994963244 -8.947246902882968 25 853.0 91.0 -10.66 -7.83 -0.04
7.4 -0.7 0.644692496457372 24.47557954149169 8.814072938013174 25 849.0 172.0 11.83 8.36 -0.12
7.4 -0.7 0.6348235170033315 31.4050789581118 13.731752182613116 25 864.0 401.0 10.88 7.74 -0.09
7.4 -0.7 0.6269442598011831 6.7290544777992825 -4.362613210576315 25 837.0 442.0 -9.98 -7.68 -0.12
7.4 -0.7 0.628580347695623 2.6933661993442537 -7.493042556480079 25 810.0 242.0 -10.1 -7.84 -0.15
7.4 -0.7 0.6496091047909597 30.812379360278314 10.190594354753532 25 781.0 237.0 12.16 9.18 -0.18
7.4 -0.7 0.6378664533284049 35.52792226763206 13.765072088835883 25 816.0 430.0 11.53 8.73 -0.22
7.4 -0.7 0.6282241503384455 9.474717205850503 -3.863074205925885 25 852.0 563.0 -10.43 -8.11 -0.07
7.4 -0.7 0.6253428618100029 5.273418960328622 -7.1489162400552875 25 831.0 366.0 -10.66 -8.36 -0.13
7.4 -0.7 0.6254714290287833 -1.2115797270747153 -12.288590726937871 25 809.0 128.0 -10.88 -8.69 -0.04
7.4 -0.7 0.6326936642315727 31.718878483702944 12.799288787786658 25 893.0 463.0 8.93 7.04 -0.13
7.4 -0.7 0.6336024562504631 7.461230764836553 -4.062890661239921 25 1000.0 477.0 -9.98 -7.92 0.03
7.4 -0.7 0.6295851031926016 3.4255431372101905 -7.271025792509447 25 997.0 276.0 -10.3 -8.14 -0.01
7.4 -0.7 0.6311570564892629 -2.8415465507264543 -12.26638809666472 25 992.0 50.0 -10.63 -8.5 -0.02
7.4 -0.7 0.6300136009838919 28.023145774825746 10.390400966845913 25 924.0 165.0 9.45 7.47 -0.11
7.4 -0.7 0.6319042603161673 8.85585210637683 -3.1970264583303716 25 1194.0 555.0 -9.71 -7.71 0.12
7.4 -0.7 0.6294381777432301 4.898613108251269 -6.349658077509293 25 1235.0 371.0 -10.06 -8.02 0.04
7.4 -0.7 0.6267835060742238 -1.2464450674492156 -11.278416529813166 25 1265.0 138.0 -10.5 -8.33 0.0
7.4 -0.7 0.6330149928715565 31.32663303697936 14.619818237099862 25 1018.0 431.0 8.77 6.96 -0.21
7.4 -0.7 0.6336342255261284 2.9984391767999496 -6.260852313640431 25 1476.0 485.0 -10.56 -8.37 0.0
7.4 -0.7 0.6281289617207387 -3.495275895326875 -11.422725670598416 25 1552.0 270.0 -11.07 -8.8 0.03
7.4 -0.7 0.623905078568731 30.298096340260404 15.65218833424764 25 1089.0 425.0 9.27 7.42 -0.07
7.4 -0.7 0.6333000222828729 4.410494504467964 -6.149843254000847 25 1517.0 530.0 -10.01 -8.8 0.09
7.4 -0.7 0.6369910399105889 0.31379026746725364 -9.735403710123128 25 1564.0 288.0 -10.38 -9.02 0.02
7.4 -0.7 0.6321281949665885 14.321038177411296 -11.3006010502738 25 289.0 120.0 6.8 5.46 -0.14
7.4 -0.7 0.6322491327908379 16.996967331352234 -9.169242439585037 25 321.0 288.0 6.51 5.22 -0.14
7.4 -0.7 0.6307960311558585 19.507284012210153 -7.1710928853820075 25 352.0 446.0 6.09 4.89 -0.11
7.4 -0.7 0.6379830996182302 11.017523898060048 -11.533722409091917 25 423.0 508.0 -6.87 -5.03 0.08
7.4 -0.7 0.6447822610524041 8.289294304055149 -13.554071232629965 25 400.0 363.0 -7.11 -5.32 0.12
7.4 -0.7 0.6459998647358756 3.887515094805017 -16.862112940287094 25 375.0 207.0 -7.52 -5.72 0.09
7.4 -0.7 0.6502208868649344 0.7408943628164001 -19.270987439887595 25 344.0 37.0 -7.78 -5.96 0.1
7.4 -0.7 0.6657267967846728 13.397087867803467 -4.984247106901859 25 526.0 42.0 7.01 5.65 -0.09
7.4 -0.7 0.6696123043682913 17.607095844329518 -1.5873947912365842 25 562.0 217.0 7.08 5.66 -0.09
7.4 -0.7 0.6713387529042104 20.43991499110789 0.6882755641396464 25 595.0 378.0 7.1 5.69 -0.08
7.4 -0.7 0.6771094361927846 11.026235127563519 -7.7483500495302895 25 599.0 492.0 -8.01 -6.74 -0.05
7.4 -0.7 0.6759899417546134 7.775023986954085 -10.512452999556388 25 548.0 321.0 -8.3 -6.98 -0.1
7.4 -0.7 0.673045293488775 2.728233056861841 -14.797365193683811 25 489.0 127.0 -8.62 -7.21 -0.06
7.4 -0.7 0.679025606313024 20.413772248311243 -1.9204120641644808 25 488.0 203.0 7.76 6.31 -0.05
7.4 -0.7 0.6758698980000356 23.490648574756882 0.5994775349119649 25 540.0 384.0 7.67 6.25 -0.08
7.4 -0.7 0.6697166124966482 11.505641738127915 -11.000883823011568 25 460.0 262.0 -7.65 -6.56 0.08
7.4 -0.7 0.6650177399304252 5.395452385207948 -16.262669600841367 25 391.0 75.0 -7.62 -6.37 -0.03
7.4 -0.7 0.6739865104344229 23.080988288755705 -2.841771035171108 25 398.0 130.0 8.16 6.41 -0.12
7.4 -0.7 0.664852158227239 27.874988231167617 0.9547171604154713 25 464.0 312.0 8.12 6.37 -0.18
7.4 -0.7 0.6529074470188955 31.09132442859083 3.4968120016387814 25 519.0 467.0 7.45 5.77 -0.37
7.4 -0.7 0.6588152805950976 9.091196961608153 -7.937066506292267 25 623.0 426.0 -10.3 -7.44 0.0
7.4 -0.7 0.6597510139134268 2.7630979917102523 -12.610508130821094 25 582.0 217.0 -10.84 -8.05 -0.01
7.4 -0.7 0.6597684780743459 23.98746903603027 5.694745838030907 25 728.0 194.0 8.94 7.28 -0.1
7.4 -0.7 0.6508394042637685 29.164982159348956 9.92416772812569 25 771.0 372.0 8.36 6.82 -0.1
7.4 -0.7 0.6522669951107839 32.39874623189213 12.555069839386192 25 806.0 516.0 7.79 6.33 -0.09
7.4 -0.7 0.6530870954182483 10.172029933223447 -8.003670215932853 25 674.0 484.0 -9.85 -9.22 0.04
7.4 -0.7 0.6620853106167655 6.267089117456123 -11.64473677771527 25 606.0 273.0 -10.18 -9.35 -0.12
7.4 -0.7 0.6640497008946282 26.741856836329664 1.5430556303924472 25 543.0 70.0 6.91 5.67 -0.09
7.4 -0.7 0.6560523668911795 29.417777936937267 3.7188215499870094 25 605.0 251.0 6.41 5.19 -0.04
7.4 -0.7 0.6537302891400197 33.0263468909853 6.638345716366002 25 654.0 477.0 5.66 4.57 0.0
7.4 -0.7 -0.9891285141322279 9.788497269937446 -4.83993901512587 25 909.0 148.0 9.91 -14.36 -0.15
7.4 -0.7 -1.000397845110621 15.846400353649683 -13.60955440159812 25 925.0 446.0 9.89 -14.35 -0.34
7.4 -0.7 -0.9995800693843029 17.807595027971445 -16.45135298806183 25 948.0 750.0 9.82 -14.2 -0.3
7.4 -0.7 2.2956490675595145 7.513516343580119 -8.270076695615481 25 1256.0 80.0 -0.04 0.16 0.0
7.4 -0.7 2.2971885363247737 7.539665603310857 -8.225673747086141 25 1255.0 91.0 0.21 -0.18 -0.13
7.4 -0.7 2.2979244152691702 7.609396726435308 -8.292278407483442 25 1255.0 91.0 0.45 -0.45 -0.02
7.4 -0.7 2.3038236061718798 7.94933577944254 -8.625301489790433 25 1255.0 91.0 1.22 -1.27 -0.02
7.4 -0.7 2.300190345444951 8.559482944369558 -9.269146148444042 25 1254.0 78.0 1.78 -1.92 -0.03
7.4 -0.7 -1.0327595909449716 13.510395320185316 -3.6743518329100566 25 1058.0 94.0 8.18 -13.14 -0.13
7.4 -0.7 -1.0407492359492447 16.779050437107273 -8.925021814649378 25 1092.0 481.0 8.13 -13.05 -0.17
7.4 -0.7 -1.0877978046748304 10.538110910341738 -4.784436313658346 25 932.0 65.0 6.92 -13.31 -0.14
7.4 -0.7 -1.0837742527339118 16.16891858505978 -15.552199748727462 25 948.0 692.0 7.15 -13.63 -0.25
5.1 2.6 0.6600864092495776 9.596757566809625 -15.9740450749129 25 126.0 58.0 0.68 0.65 0.05
5.1 2.6 0.6567104617741445 9.88439831841683 -15.696524511006418 25 132.0 106.0 0.25 0.27 0.06
5.1 2.6 0.655836240449224 9.936696518581295 -15.596617124985611 25 133.0 132.0 0.0 0.29 0.06
5.1 2.6 0.6529857675221302 9.884397860736845 -15.452306678108993 25 133.0 141.0 -0.24 0.41 0.08
5.1 2.6 0.6549980203297475 9.74493518760905 -15.274693975936376 25 133.0 146.0 -0.42 0.49 0.04
5.1 2.6 0.6574139157917837 9.553174090474354 -15.052678169795694 25 133.0 147.0 -0.52 0.59 0.04
5.1 2.6 0.6616531769421439 9.33526378551101 -14.819561581515279 25 145.0 143.0 -0.55 0.61 0.06
5.1 2.6 0.6693832437184197 9.056338562412387 -14.519840157609172 25 158.0 140.0 -0.35 0.35 0.08
5.1 2.6 0.6674747625973564 8.943025251631687 -14.431033853577667 25 172.0 138.0 -0.22 0.12 0.06
5.1 2.6 0.697426633038793 8.263146658790475 -14.852865097526344 25 206.0 123.0 0.0 0.02 -0.01
5.1 2.6 0.7021173993733265 8.289295894654305 -14.830663582618385 25 218.0 142.0 0.03 0.03 0.0
5.1 2.6 0.7069316069271904 8.332877926954849 -14.830663600449506 25 230.0 160.0 0.0 0.0 0.0
5.1 2.6 0.7081714431431629 8.332877923370695 -14.830663593083413 25 233.0 164.0 -0.01 0.0 0.0
5.1 2.6 0.7074564258244372 8.31544513174638 -14.841764404212284 25 237.0 168.0 -0.03 0.01 0.02
5.1 2.6 0.7146520177510123 8.289295917563399 -14.863965958101177 25 244.0 176.0 0.0 -0.01 0.03
5.1 2.6 0.7147288481381274 8.280579509225197 -14.87506672932311 25 248.0 178.0 -0.02 -0.01 0.01
5.1 2.6 0.7192210714009146 8.245713839526164 -14.886167414546012 25 256.0 188.0 -0.02 0.03 0.02
5.1 2.6 0.7220772067692619 8.23699738060188 -14.875066535118986 25 259.0 189.0 -0.02 0.05 0.03
5.1 2.6 0.7218035618450981 8.219564536511442 -14.863965693613325 25 264.0 195.0 -0.03 0.02 0.02
5.1 2.6 0.7248585979130604 8.219564491708576 -14.819562500395168 25 278.0 203.0 0.01 0.04 -0.02
5.1 2.6 0.7252137223866323 8.219564512352493 -14.81956253763714 25 278.0 206.0 0.01 0.03 -0.02
5.1 2.6 0.7385280887272697 8.629235802738199 -15.274694926234822 25 290.0 215.0 0.75 -0.94 -0.04
5.1 2.6 0.7235568920758108 8.890728300135388 -15.663222729017411 25 293.0 216.0 0.61 -0.84 -0.03
5.1 2.6 0.7319216291096547 9.073773147080983 -16.00734738674342 25 287.0 219.0 0.17 -0.35 0.0
5.1 2.6 0.7321889559414723 9.1435045339024 -16.17385927809693 25 253.0 221.0 0.16 -0.43 0.02
5.1 2.6 0.7332916418698169 9.265534498926106 -16.48468149949665 25 239.0 219.0 0.23 -0.57 0.0
5.1 2.6 0.7311587492611745 9.370131642893071 -16.751100587548628 25 233.0 220.0 0.26 -0.72 0.0
5.1 2.6 0.7356284419682362 9.553176761933825 -17.32834192278306 25 227.0 219.0 0.39 -1.15 -0.01
5.1 2.6 0.7292253533985952 9.692639783749025 -17.783474587427996 25 215.0 216.0 0.3 -1.0 -0.05
5.1 2.6 0.7297701398518422 9.771087985062856 -18.17200265294557 25 204.0 213.0 0.04 -0.34 0.0
5.1 2.6 0.7308556000378467 9.779804530480055 -18.271909872796137 25 176.0 206.0 -0.03 -0.14 -0.01
5.1 2.6 0.7327361861851552 9.779804590987743 -18.316313081450776 25 160.0 199.0 -0.05 -0.05 -0.01
5.1 2.6 0.7341847578671316 9.771088126033806 -18.294111429132403 25 157.0 199.0 -0.05 0.05 0.0
5.1 2.6 0.7340910593655448 9.76237167609962 -18.27190980508439 25 159.0 198.0 -0.01 0.03 0.01
5.1 2.6 0.7335707704213004 9.771088056229946 -18.26080897877242 25 159.0 198.0 0.01 0.01 0.0
5.1 2.6 0.7317471663143973 9.788520834043215 -18.26080890215536 25 160.0 198.0 0.02 0.0 0.02
5.1 2.6 0.7338600317623953 9.797237218236805 -18.26080885710193 25 159.0 198.0 0.01 0.0 0.01
5.1 2.6 0.7389666000988822 9.797237198174411 -18.260808820331484 25 157.0 199.0 0.01 0.0 0.02
5.1 2.6 0.7357846657421924 9.79723718929401 -18.260808803364842 25 156.0 197.0 0.02 0.0 0.02
5.1 2.6 0.7348610917713978 9.81467000307633 -18.260808796114755 25 155.0 193.0 0.01 -0.01 0.0
5.1 2.6 0.7335719625141957 9.814669983409594 -18.26080875845466 25 148.0 191.0 0.0 0.02 0.03
5.1 2.6 0.7351467172291615 9.814669967774458 -18.26080873038934 25 148.0 190.0 0.0 0.0 0.01
5.1 2.6 0.7324099103596546 9.797237161393936 -18.271909524202357 25 147.0 186.0 0.0 -0.02 0.0
5.1 2.6 0.7322354475643972 9.79723717958206 -18.283010332187015 25 145.0 185.0 0.02 -0.02 0.0
5.1 2.6 0.7370824972775321 9.80595362147317 -18.294111165586937 25 140.0 179.0 0.01 0.02 0.0
5.1 2.6 0.7351378361370902 9.805953615529866 -18.283010381614545 25 135.0 178.0 0.0 0.02 0.02
5.1 2.6 0.7380092302944997 9.805953607706524 -18.27190959347175 25 133.0 175.0 0.0 0.03 0.04
5.1 2.6 0.7403259436276298 9.805953592882819 -18.26080879180444 25 132.0 173.0 0.0 0.03 0.03
3.1 4.9 -0.2143224914881847 4.288459293383129 0.04440433296985136 25 712.0 122.0 14.46 -2.41 0.0
3.1 4.9 -0.2056706388804577 10.145868399115592 -1.021266809731461 25 733.0 380.0 14.57 -2.4 -0.03
3.1 4.9 3.12149174610642 -0.05229831309453688 -0.5217376589702244 25 1146.0 182.0 -13.66 -1.02 -0.16
3.1 4.9 3.1201936761525015 -5.752814632705112 -0.7992556401023061 25 1173.0 416.0 -14.0 -1.01 -0.18
3.1 4.9 -0.44074217875930255 -3.2860748096911836 2.020345631938288 25 709.0 18.0 13.78 -5.46 -0.07
3.1 4.9 -0.43054287036391725 5.28212794418087 -1.5985129455334686 25 710.0 269.0 13.98 -5.48 0.03
3.1 4.9 -0.42634491523238627 10.939063399967305 -3.9518759993256323 25 714.0 534.0 14.08 -5.5 0.05
3.1 4.9 -0.2740029533717293 9.51829457707915 -3.2747301995249556 25 630.0 212.0 14.29 -3.73 -0.06
3.1 4.9 -0.4360157688471934 17.641973958609572 -6.083218877421252 25 658.0 469.0 12.61 -5.67 -0.06
3.1 4.9 -0.44067828258010355 0.6798781131978479 -2.04254718313127 25 606.0 136.0 14.19 -6.43 -0.01
3.1 4.9 -0.44192425807448804 9.248089938716381 -5.916720983849242 25 618.0 401.0 14.38 -6.56 -0.06
3.1 4.9 0.6770498315480094 11.35746496295487 -12.244173738396261 25 43.0 361.0 -0.91 0.1 0.16
3.1 4.9 0.6748944083836416 11.000092686882667 -12.255275009012353 25 60.0 355.0 -0.96 -0.07 0.14
3.1 4.9 0.6757051507618764 10.41609424076055 -12.388485336550483 25 73.0 343.0 -0.88 -0.18 0.24
3.1 4.9 0.680314735570226 10.119736860228997 -12.477292111398999 25 87.0 326.0 -0.62 -0.14 0.05
3.1 4.9 0.6767019192364553 9.788513854211525 -12.5549980950702 25 96.0 312.0 -0.58 0.01 0.11
3.1 4.9 0.678734199204717 9.457290752251993 -12.56609925411125 25 105.0 287.0 -0.54 0.07 0.1
3.1 4.9 0.677801684537206 9.248097176918346 -12.532797089113178 25 114.0 273.0 -0.57 0.17 0.1
3.1 4.9 0.6788744489338737 9.02147074861373 -12.455091725369467 25 125.0 264.0 -0.59 0.27 0.09
3.1 4.9 0.6806193153050286 8.690247474264785 -12.299680867944295 25 133.0 253.0 -0.56 0.3 0.07
3.1 4.9 0.6870221654560903 8.498486635285008 -12.199773872969518 25 146.0 249.0 -0.41 0.24 0.05
3.1 4.9 0.6863518516209464 8.359024218383313 -12.12206843604044 25 166.0 243.0 -0.1 0.07 0.01
3.1 4.9 0.6857474605229239 8.33287505020126 -12.122068495970591 25 180.0 237.0 -0.06 0.02 0.01
3.1 4.9 0.688469604649816 8.26314386080147 -12.099866977218229 25 193.0 235.0 -0.19 0.13 0.03
3.1 4.9 0.6901385347035269 8.175979827469119 -12.033262269497053 25 195.0 235.0 -0.28 0.26 0.03
3.1 4.9 0.6925308267262318 8.053950164289244 -11.922254399255845 25 198.0 236.0 -0.33 0.31 0.03
3.1 4.9 0.6921177665379387 7.818607253513663 -11.68913787267153 25 206.0 234.0 -0.47 0.48 0.02
3.1 4.9 0.692292229333196 7.618129946033742 -11.47822288444508 25 217.0 234.0 -0.53 0.55 0.01
3.1 4.9 0.6931371251728868 7.31305580846164 -11.167400789940933 25 230.0 231.0 -0.42 0.43 0.04
3.1 4.9 0.6933998624470572 7.182309754613459 -11.023090529751121 25 247.0 232.0 -0.24 0.22 -0.01
3.1 4.9 0.6986398259785513 7.112578549796153 -10.96758660643291 25 272.0 231.0 -0.08 0.07 -0.02
3.1 4.9 0.6978671709683275 7.095145775541128 -10.967586648012794 25 285.0 230.0 0.02 -0.02 0.0
3.1 4.9 0.6997007886555532 7.103862211344456 -10.989788271919439 25 291.0 229.0 0.04 -0.04 -0.04
3.1 4.9 0.6989378492024282 7.130011461748575 -11.011989914696697 25 296.0 231.0 0.06 0.0 -0.01
3.1 4.9 0.7003523866322375 7.147444278095801 -11.023090724300058 25 297.0 231.0 0.04 0.0 0.0
3.1 4.9 0.704258279004369 7.156160716570482 -11.045292349869536 25 298.0 229.0 0.0 -0.04 -0.03
3.1 4.9 0.7032783190396168 7.103862385842795 -11.067494032576803 25 298.0 232.0 -0.16 0.07 -0.05
3.1 4.9 0.7058335105564932 6.912101608916369 -10.912083101819492 25 299.0 232.0 -0.46 0.45 -0.02
3.1 4.9 0.7060807506230213 6.694191559500712 -10.6900673301481 25 300.0 231.0 -0.63 0.65 -0.01
3.1 4.9 0.7054859558728077 6.4326994846507235 -10.390345994636103 25 305.0 228.0 -0.73 0.81 -0.02
3.1 4.9 0.7122317115452627 5.979446557021036 -9.846407187880493 25 324.0 227.0 -0.81 0.92 0.0
3.1 4.9 0.7127767960217335 5.674372486302241 -9.468980219850348 25 342.0 227.0 -0.78 0.91 0.0
3.1 4.9 0.7137670675900317 5.378014852733923 -9.102654046796799 25 363.0 223.0 -0.75 0.89 0.0
3.1 4.9 0.7137362519886831 4.9421948553658 -8.56981596004787 25 397.0 221.0 -0.71 0.85 0.0
3.1 4.9 0.7151948968556264 4.654553702420842 -8.236792156830873 25 417.0 222.0 -0.71 0.84 -0.02
3.1 4.9 0.7164206663754324 4.218733813374161 -7.7372564254057234 25 450.0 219.0 -0.71 0.86 -0.01
3.1 4.9 0.7185946265843252 3.931092704415835 -7.393131778934967 25 468.0 219.0 -0.7 0.88 0.0
3.1 4.9 0.719599143662725 3.4865564927852626 -6.860293595868243 25 497.0 216.0 -0.74 0.88 0.0
3.1 4.9 0.7204165617611747 3.1814826601411674 -6.516168923145193 25 517.0 215.0 -0.77 0.91 0.0
3.1 4.9 0.7251359383252007 2.885125248475406 -6.183145030602051 25 546.0 211.0 -0.62 0.73 0.03
3.1 4.9 0.7235567132618763 2.641066226919834 -5.905625127017588 25 566.0 209.0 -0.18 0.23 -0.03
3.1 4.9 0.7260591546681263 2.5713350914845483 -5.861221952094006 25 589.0 208.0 -0.05 0.11 -0.01
3.1 4.9 0.7288717786457877 2.57133511033675 -5.894524368181643 25 606.0 207.0 0.17 -0.14 0.0
3.1 4.9 0.7302925149586541 2.6759318410710735 -6.027733940304538 25 610.0 206.0 0.43 -0.44 -0.02
3.1 4.9 0.7311864058163504 2.876408920346367 -6.29415308099038 25 612.0 205.0 0.66 -0.72 0.0
3.1 4.9 0.7340263287213187 3.34709429221804 -6.937999311526768 25 608.0 206.0 1.0 -1.22 -0.03
3.1 4.9 0.7349828044560293 4.0095404816234055 -7.826063001785071 25 587.0 207.0 1.31 -1.61 -0.03
3.1 4.9 0.7353053251889088 4.54124083529929 -8.54761473433237 25 564.0 207.0 1.45 -1.81 -0.03
3.1 4.9 0.7219444672253469 5.229836607997106 -9.535585634011081 25 521.0 208.0 0.78 -1.18 -0.08
3.1 4.9 0.7301638285305839 5.456463161571989 -9.890811194917848 25 486.0 209.0 0.33 -0.65 -0.01
3.1 4.9 0.7285311977055409 5.569776458574993 -10.101726351222315 25 442.0 212.0 0.09 -0.44 0.0
3.1 4.9 0.7237056056645252 5.5959257180811735 -10.212734329609145 25 417.0 212.0 -0.26 0.0 0.0
3.1 4.9 0.7207243005421498 5.473896113100634 -10.112827206215352 25 405.0 212.0 -0.55 0.32 0.0
3.1 4.9 0.7276561419155936 5.255986065093241 -9.87971051105373 25 405.0 211.0 -0.33 0.17 -0.05
3.1 4.9 0.7199009219792228 5.1601056634417395 -9.790904169997852 25 413.0 208.0 -0.18 0.06 -0.02
3.1 4.9 0.7169673005726678 5.099090861204831 -9.735400200855395 25 433.0 207.0 -0.18 0.09 -0.02
3.1 4.9 0.7242365638401843 5.020643280086479 -9.679896257343545 25 437.0 205.0 -0.19 0.12 -0.01
3.1 4.9 0.728550807633672 4.881180891330934 -9.557787542226182 25 442.0 206.0 -0.26 0.26 0.0
3.1 4.9 0.7288884679463249 4.759151283261379 -9.424577999439116 25 445.0 204.0 -0.33 0.36 0.02
3.1 4.9 0.6616531769421439 9.33526378551101 -14.819561581515279 25 10.0 152.0 -0.55 0.61 0.06
3.1 4.9 0.6693832437184197 9.056338562412387 -14.519840157609172 25 24.0 148.0 -0.35 0.35 0.08
3.1 4.9 0.6674747625973564 8.943025251631687 -14.431033853577667 25 36.0 145.0 -0.22 0.12 0.06
3.1 4.9 0.6670200387623648 8.777413620048183 -14.431033950743178 25 53.0 142.0 -0.34 -0.11 0.09
3.1 4.9 0.669186488786016 8.62051849873376 -14.508739669259764 25 56.0 139.0 -0.43 -0.25 0.09
3.1 4.9 0.6762383739140371 8.402608633706357 -14.664150984875807 25 57.0 137.0 -0.25 -0.2 0.06
3.1 4.9 0.6707708398487904 8.332877502028607 -14.730755836823182 25 58.0 124.0 -0.11 -0.11 0.05
3.1 4.9 0.6705653826382499 8.298011958037845 -14.786259855990219 25 57.0 114.0 -0.04 -0.03 0.05
3.1 4.9 0.673114494481359 8.271862767280522 -14.797360674401764 25 54.0 104.0 -0.07 0.03 0.05
3.1 4.9 0.6776527325299122 8.245713531687624 -14.775159076652024 25 53.0 102.0 -0.02 -0.01 0.04
3.1 4.9 0.6789944330838061 8.236997144758755 -14.78625988378024 25 51.0 100.0 -0.01 -0.03 0.04
3.1 4.9 0.6828042427685599 8.236997174242381 -14.797360714914547 25 54.0 101.0 -0.02 -0.02 0.03
3.1 4.9 0.6829802552845814 8.236997197407616 -14.797360756770697 25 55.0 102.0 0.01 0.0 0.05
3.1 4.9 0.6836366216328482 8.245713599494593 -14.808461533541251 25 54.0 102.0 0.02 -0.01 0.05
3.1 4.9 0.6839702288296561 8.254430007624162 -14.808461540222167 25 55.0 103.0 0.0 0.01 0.04
3.1 4.9 0.6850294033673151 8.26314649474951 -14.830663245890426 25 53.0 103.0 0.02 -0.02 0.0
3.1 4.9 0.6847539106991628 8.271862921642953 -14.830663288191873 25 53.0 105.0 0.02 -0.01 0.0
3.1 4.9 0.685630397000585 8.280579340324328 -14.841764090271306 25 54.0 107.0 0.01 -0.01 0.0
3.1 4.9 0.6856123367932179 8.289295733519804 -14.841764071487756 25 56.0 109.0 0.02 0.0 0.0
3.1 4.9 0.685683445134435 8.29801213744983 -14.841764069186924 25 56.0 112.0 -0.02 0.01 -0.01
3.1 4.9 0.6851040879872183 8.28057936070782 -14.852864904482635 25 55.0 114.0 -0.05 -0.02 -0.03
3.1 4.9 0.6868218342450003 8.245713789607258 -14.863965767174474 25 56.0 116.0 -0.06 0.0 -0.03
3.1 4.9 0.6890264908459522 8.228281009552612 -14.87506659854288 25 57.0 117.0 -0.01 0.0 -0.02
3.1 4.9 0.6927961866047722 8.23699740631433 -14.87506658260227 25 58.0 118.0 0.02 0.04 0.0
3.1 4.9 0.6950943628933767 8.245713799744333 -14.863965786200549 25 62.0 121.0 0.03 0.03 -0.01
3.1 4.9 0.6950616399433951 8.263146612038454 -14.852865013690735 25 65.0 124.0 0.0 0.02 -0.01
3.1 4.9 0.697426633038793 8.263146658790475 -14.852865097526344 25 67.0 129.0 0.0 0.02 -0.01
3.1 4.9 0.6986075202610832 8.263146666380333 -14.852865111653564 25 70.0 130.0 0.0 0.03 0.0
3.1 4.9 0.7012248794224601 8.263146661150667 -14.841764325047858 25 73.0 137.0 0.01 0.03 0.0
3.1 4.9 0.7007672349598746 8.263146674204721 -14.84176434816261 25 76.0 139.0 0.01 0.01 0.0
3.1 4.9 0.7031357447293143 8.27186307895877 -14.830663569574579 25 79.0 143.0 0.01 0.03 0.0
3.1 4.9 0.7021173993733265 8.289295894654305 -14.830663582618385 25 82.0 149.0 0.03 0.03 0.0
3.1 4.9 0.7024136940625051 8.306728678714654 -14.819562757282828 25 85.0 150.0 0.02 0.04 0.0
3.1 4.9 0.7031163732197622 8.315445076546021 -14.808461968209137 25 88.0 157.0 0.01 0.02 0.01
3.1 4.9 0.7049106518414355 8.332877902539758 -14.819562777007544 25 91.0 162.0 0.01 0.0 0.0
3.1 4.9 0.7069316069271904 8.332877926954849 -14.830663600449506 25 96.0 165.0 0.0 0.0 0.0
3.1 4.9 0.706776932873998 8.324161537134895 -14.841764404137859 25 99.0 170.0 -0.01 0.0 0.01
3.1 4.9 0.7074564258244372 8.31544513174638 -14.841764404212284 25 103.0 175.0 -0.03 0.01 0.02
3.1 4.9 0.7148614684727528 8.298012333323518 -14.852865199798792 25 105.0 178.0 -0.01 -0.02 0.04
3.1 4.9 0.7146520177510123 8.289295917563399 -14.863965958101177 25 110.0 183.0 0.0 -0.01 0.03
3.1 4.9 0.7139538089421134 8.289295915896279 -14.875066734505896 25 113.0 184.0 -0.01 -0.01 0.03
3.1 4.9 0.7155177156117302 8.280579506469348 -14.886167503055379 25 116.0 188.0 -0.01 -0.02 0.02
3.1 4.9 0.714227513470922 8.2631466836166 -14.89726825677995 25 117.0 191.0 -0.03 0.02 0.03
3.1 4.9 0.7192210714009146 8.245713839526164 -14.886167414546012 25 125.0 194.0 -0.02 0.03 0.02
3.1 4.9 0.7205958525326587 8.236997410085506 -14.886167367709849 25 127.0 197.0 -0.02 0.04 0.03
3.1 4.9 0.7218035618450981 8.219564536511442 -14.863965693613325 25 131.0 201.0 -0.03 0.02 0.02
3.1 4.9 0.7225483218815664 8.210848103519341 -14.852864864539022 25 134.0 202.0 -0.01 0.03 0.01
3.1 4.9 0.7252993742611746 8.210848078041415 -14.841764040165842 25 139.0 208.0 0.0 0.06 0.01
3.1 4.9 0.7238952676442008 8.219564471251688 -14.830663241987095 25 141.0 211.0 0.02 0.04 -0.01
3.1 4.9 0.7249843637135365 8.219564481597397 -14.819562482017908 25 148.0 210.0 0.0 0.05 -0.01
3.1 4.9 0.7252137223866323 8.219564512352493 -14.81956253763714 25 149.0 212.0 0.01 0.03 -0.02
3.1 4.9 0.7258019010212755 8.228280917106542 -14.808461759777387 25 153.0 216.0 0.03 0.04 -0.01
3.1 4.9 0.7258933345463616 8.245713750898775 -14.808461805164304 25 154.0 217.0 0.02 0.02 -0.02
3.1 4.9 0.7280473271992546 8.254430172540939 -14.8195626157761 25 156.0 218.0 0.04 0.0 0.0
3.1 4.9 0.7320580641415457 8.33287782957411 -14.89726809553491 25 158.0 219.0 0.28 -0.28 0.01
3.1 4.9 0.7357650558140615 8.49848961665585 -15.097082279700434 25 160.0 220.0 0.6 -0.74 0.01
3.1 4.9 0.7235568920758108 8.890728300135388 -15.663222729017411 25 164.0 223.0 0.61 -0.84 -0.03
3.1 4.9 0.7289728085186817 9.030191057657627 -15.929641843289673 25 159.0 223.0 0.25 -0.43 0.03
3.1 4.9 0.7321889559414723 9.1435045339024 -16.17385927809693 25 124.0 226.0 0.16 -0.43 0.02
3.1 4.9 0.7336723367359972 9.221952357731208 -16.373673546332242 25 111.0 225.0 0.21 -0.53 -0.01
3.1 4.9 0.7311587492611745 9.370131642893071 -16.751100587548628 25 105.0 227.0 0.26 -0.72 0.0
3.1 4.9 0.735785321393285 9.483445282431154 -17.10632602616634 25 99.0 225.0 0.34 -1.01 0.0
3.1 4.9 0.7292253533985952 9.692639783749025 -17.783474587427996 25 88.0 222.0 0.3 -1.0 -0.05
3.1 4.9 0.7297701398518422 9.771087985062856 -18.17200265294557 25 81.0 221.0 0.04 -0.34 0.0
3.1 4.9 0.7308556000378467 9.779804530480055 -18.271909872796137 25 53.0 212.0 -0.03 -0.14 -0.01
3.1 4.9 0.7321280399945119 9.779804602842683 -18.327413878460064 25 38.0 207.0 -0.07 -0.01 -0.02
3.1 4.9 0.730121807256017 9.771088175769503 -18.316313072071114 25 36.0 204.0 -0.06 0.02 0.0
3.1 4.9 0.7353593866017202 9.762371712475876 -18.294111419961293 25 36.0 205.0 -0.04 0.03 0.0
3.1 4.9 0.7340910593655448 9.76237167609962 -18.27190980508439 25 36.0 205.0 -0.01 0.03 0.01
3.1 4.9 0.7318657199528555 9.77980444056779 -18.24970815611131 25 36.0 205.0 0.01 0.0 0.01
3.1 4.9 0.7317471663143973 9.788520834043215 -18.26080890215536 25 36.0 204.0 0.02 0.0 0.02
3.1 4.9 0.7338600317623953 9.797237218236805 -18.26080885710193 25 35.0 204.0 0.01 0.0 0.01
3.1 4.9 0.7389666000988822 9.797237198174411 -18.260808820331484 25 36.0 204.0 0.01 0.0 0.02
3.1 4.9 0.7357846657421924 9.79723718929401 -18.260808803364842 25 34.0 203.0 0.02 0.0 0.02
3.1 4.9 0.7346920529988151 9.805953585059475 -18.249708003661645 25 33.0 204.0 0.02 0.0 0.02
3.1 4.9 0.7348610917713978 9.81467000307633 -18.260808796114755 25 31.0 202.0 0.01 -0.01 0.0
3.1 4.9 0.7335719625141957 9.814669983409594 -18.26080875845466 25 30.0 198.0 0.0 0.02 0.03
3.1 4.9 0.7351467172291615 9.814669967774458 -18.26080873038934 25 27.0 196.0 0.0 0.0 0.01
3.1 4.9 0.7324099103596546 9.797237161393936 -18.271909524202357 25 26.0 193.0 0.0 -0.02 0.0
3.1 4.9 0.7322354475643972 9.79723717958206 -18.283010332187015 25 24.0 192.0 0.02 -0.02 0.0
3.1 4.9 0.7345413128521779 9.805953613655602 -18.294111151008067 25 18.0 190.0 0.01 0.0 0.0
3.1 4.9 0.7370824972775321 9.80595362147317 -18.294111165586937 25 20.0 189.0 0.01 0.02 0.0
3.1 4.9 0.7351378361370902 9.805953615529866 -18.283010381614545 25 15.0 184.0 0.0 0.02 0.02
3.1 4.9 -2.9587354540785378 -1.4643484432755924 0.8880617791086142 25 1770.0 537.0 -1.49 -0.46 -1.09
3.1 4.9 0.6899956027653554 10.084861793406601 -4.418112125070155 25 332.0 74.0 7.94 6.77 -0.11
3.1 4.9 0.6856574575093128 14.809137011673743 -0.39961511973283753 25 361.0 269.0 7.74 6.57 -0.14
3.1 4.9 0.6780392090466358 17.83371677491789 2.16467589705734 25 392.0 455.0 7.43 6.27 -0.1
3.1 4.9 0.6749230186131338 6.9121005165056495 -8.014776041425725 25 329.0 478.0 -7.26 -6.31 0.02
3.1 4.9 0.675670758881841 2.527755562546295 -11.844555583919073 25 289.0 307.0 -7.4 -6.42 -0.02
3.1 4.9 0.6709228912976126 -0.4445364768805129 -14.453244783270641 25 247.0 125.0 -7.43 -6.49 -0.01
3.1 4.9 0.6764656464245657 16.892357085455988 -1.6429007715868453 25 180.0 200.0 7.84 6.66 -0.12
3.1 4.9 0.6551222960141042 21.08492990768492 1.942667992381281 25 237.0 409.0 5.84 4.98 -0.09
3.1 4.9 0.6728487769749504 5.805120607240856 -10.88988471435233 25 217.0 363.0 -7.61 -6.7 -0.03
3.1 4.9 0.6684773127224782 1.1418486715069827 -15.019385521600618 25 149.0 186.0 -7.98 -6.94 0.04
3.1 4.9 0.6500796238568168 22.244219148211588 -1.3098637638029174 25 65.0 210.0 9.28 7.56 -0.09
3.1 4.9 0.6322742263462883 0.31379044142779766 -13.409770557676387 25 193.0 151.0 -9.83 -7.44 -0.06
3.1 4.9 0.6442318121579031 23.978755339546712 5.772452110083622 25 349.0 197.0 11.76 9.4 -0.24
3.1 4.9 0.6335954825070242 2.6236337254422213 -4.3959176458176445 25 565.0 339.0 -10.3 -7.28 -0.03
3.1 4.9 0.6337388912823536 -3.6608864994963244 -8.947246902882968 25 521.0 132.0 -10.66 -7.83 -0.04
3.1 4.9 0.644692496457372 24.47557954149169 8.814072938013174 25 541.0 194.0 11.83 8.36 -0.12
3.1 4.9 0.6269442598011831 6.7290544777992825 -4.362613210576315 25 543.0 473.0 -9.98 -7.68 -0.12
3.1 4.9 0.6264398852970937 0.6798789895838541 -9.0693573340027 25 495.0 276.0 -10.17 -7.91 -0.14
3.1 4.9 0.622237281003271 -3.4342620079468724 -12.288590248398126 25 440.0 42.0 -10.34 -8.08 -0.14
3.1 4.9 0.6496091047909597 30.812379360278314 10.190594354753532 25 503.0 253.0 12.16 9.18 -0.18
3.1 4.9 0.6251190463688711 3.111753709582657 -8.84734054387419 25 537.0 385.0 -10.74 -8.5 -0.12
3.1 4.9 0.6254714290287833 -1.2115797270747153 -12.288590726937871 25 492.0 152.0 -10.88 -8.69 -0.04
3.1 4.9 0.6294889012959342 1.3684742709402775 -8.913945461859623 25 703.0 274.0 -10.42 -8.23 0.01
3.1 4.9 0.6311570564892629 -2.8415465507264543 -12.26638809666472 25 676.0 58.0 -10.63 -8.5 -0.02
3.1 4.9 0.6300136009838919 28.023145774825746 10.390400966845913 25 646.0 174.0 9.45 7.47 -0.11
3.1 4.9 0.6319042603161673 8.85585210637683 -3.1970264583303716 25 929.0 496.0 -9.71 -7.71 0.12
3.1 4.9 0.627855018773351 2.885126837482691 -7.970376428380363 25 951.0 321.0 -10.21 -8.13 0.04
3.1 4.9 0.6267835060742238 -1.2464450674492156 -11.278416529813166 25 957.0 110.0 -10.5 -8.33 0.0
3.1 4.9 0.6345281163838248 9.152206691027319 -1.3542926937853237 25 1130.0 583.0 -10.02 -7.93 -0.02
3.1 4.9 0.6336342255261284 2.9984391767999496 -6.260852313640431 25 1169.0 404.0 -10.56 -8.37 0.0
3.1 4.9 0.6269544521954399 -1.4207726944099672 -9.768706606519745 25 1212.0 216.0 -10.91 -8.65 0.09
3.1 4.9 0.6382309953358511 15.532591279832873 3.918598223693464 25 1091.0 394.0 -8.49 -7.78 0.2
3.1 4.9 0.6376713673260551 6.380397730647337 -4.395915144739732 25 1202.0 460.0 -9.83 -8.71 0.02
3.1 4.9 0.6369910399105889 0.31379026746725364 -9.735403710123128 25 1222.0 247.0 -10.38 -9.02 0.02
3.1 4.9 -1.0044395168635507 5.883553938489831 0.832561521974071 25 930.0 183.0 9.56 -14.01 -0.09
3.1 4.9 -0.9930218895289561 11.863000616249044 -7.837149792753531 25 947.0 467.0 9.96 -14.47 -0.33
3.1 4.9 -1.0402800281855722 8.655360984663986 4.107298939821481 25 1092.0 141.0 8.05 -12.96 -0.07
3.1 4.9 -1.0327595909449716 13.510395320185316 -3.6743518329100566 25 1116.0 394.0 8.18 -13.14 -0.13
3.1 4.9 -1.0858935554835458 6.36295547293273 3.21923345359136 25 989.0 127.0 6.72 -12.95 -0.12
3.1 4.9 -1.0871273716303966 9.160918831818385 -2.153549254388386 25 987.0 370.0 6.85 -13.21 -0.15
5.5 -12 0.43280132214096556 6.563060611594268 -2.7085899581242123 25 1254.0 24.0 13.47 6.83 -0.01
5.5 -12 0.43410320679214964 9.387005389806498 -1.2987868812577454 25 1263.0 308.0 13.46 6.81 -0.05
5.5 -12 0.43364007870224514 14.73855235859135 1.3765114760096187 25 1275.0 714.0 13.34 6.69 0.0
5.5 -12 0.4287350932743885 20.06394818738215 4.018510997047516 25 1282.0 980.0 13.29 6.61 -0.05
5.1 2.6 -0.2056706388804577 10.145868399115592 -1.021266809731461 25.0 816.0 272.0 14.57 -2.4 -0.03 
5.1 2.6 3.119468883672033 5.491322471439942 -0.2553165412627669 25.0 1020.0 45.0 -13.23 -0.99 -0.22 
5.1 2.6 3.119018153348241 -2.8851236237068583 -0.6549467613502572 25.0 1045.0 273.0 -13.83 -1.0 -0.17 
5.1 2.6 -0.43054287036391725 5.28212794418087 -1.5985129455334686 25.0 774.0 152.0 13.98 -5.48 0.03 
5.1 2.6 -0.42634491523238627 10.939063399967305 -3.9518759993256323 25.0 777.0 413.0 14.08 -5.5 0.05 
5.1 2.6 -0.2740029533717293 9.51829457707915 -3.2747301995249556 25.0 709.0 102.0 14.29 -3.73 -0.06 
5.1 2.6 -0.38037209113570647 14.896308725976146 -4.962043606386435 25.0 735.0 359.0 13.28 -4.99 -0.07 
5.1 2.6 -0.43785302241774987 3.547569678540502 -3.3302392101943323 25.0 666.0 18.0 14.29 -6.46 -0.05 
5.1 2.6 -0.44192425807448804 9.248089938716381 -5.916720983849242 25.0 678.0 282.0 14.38 -6.56 -0.06 
5.1 2.6 0.6767019192364553 9.788513854211525 -12.5549980950702 25.0 235.0 306.0 -0.58 0.01 0.11 
5.1 2.6 0.677801684537206 9.248097176918346 -12.532797089113178 25.0 253.0 268.0 -0.57 0.17 0.1 
5.1 2.6 0.6788744489338737 9.02147074861373 -12.455091725369467 25.0 264.0 259.0 -0.59 0.27 0.09 
5.1 2.6 0.6806193153050286 8.690247474264785 -12.299680867944295 25.0 275.0 248.0 -0.56 0.3 0.07 
5.1 2.6 0.6870221654560903 8.498486635285008 -12.199773872969518 25.0 286.0 243.0 -0.41 0.24 0.05 
5.1 2.6 0.6863518516209464 8.359024218383313 -12.12206843604044 25.0 303.0 238.0 -0.1 0.07 0.01 
5.1 2.6 0.6857474605229239 8.33287505020126 -12.122068495970591 25.0 319.0 234.0 -0.06 0.02 0.01 
5.1 2.6 0.6876362125065665 8.298009467993953 -12.122068535717016 25.0 330.0 231.0 -0.14 0.09 0.03 
5.1 2.6 0.6901385347035269 8.175979827469119 -12.033262269497053 25.0 333.0 229.0 -0.28 0.26 0.03 
5.1 2.6 0.6940527121212821 7.9842189305698446 -11.85564967865413 25.0 336.0 232.0 -0.37 0.34 0.0 
5.1 2.6 0.6921177665379387 7.818607253513663 -11.68913787267153 25.0 344.0 231.0 -0.47 0.48 0.02 
5.1 2.6 0.692292229333196 7.618129946033742 -11.47822288444508 25.0 354.0 231.0 -0.53 0.55 0.01 
5.1 2.6 0.6931371251728868 7.31305580846164 -11.167400789940933 25.0 368.0 227.0 -0.42 0.43 0.04 
5.1 2.6 0.6933998624470572 7.182309754613459 -11.023090529751121 25.0 383.0 225.0 -0.24 0.22 -0.01 
5.1 2.6 0.6977734128620963 7.103862162778507 -10.967586628293436 25.0 409.0 225.0 -0.02 0.0 -0.01 
5.1 2.6 0.6978671709683275 7.095145775541128 -10.967586648012794 25.0 421.0 224.0 0.02 -0.02 0.0 
5.1 2.6 0.6996234218266347 7.112578634330908 -11.000889089108387 25.0 427.0 223.0 0.05 -0.02 -0.02 
5.1 2.6 0.6989378492024282 7.130011461748575 -11.011989914696697 25.0 432.0 224.0 0.06 0.0 -0.01 
5.1 2.6 0.7003523866322375 7.147444278095801 -11.023090724300058 25.0 433.0 225.0 0.04 0.0 0.0 
5.1 2.6 0.7030763188984731 7.147444331229566 -11.056393159190984 25.0 434.0 224.0 0.0 -0.05 0.0 
5.1 2.6 0.7032783190396168 7.103862385842795 -11.067494032576803 25.0 433.0 226.0 -0.16 0.07 -0.05 
5.1 2.6 0.7057548920300344 6.990549218441394 -10.989788603293745 25.0 434.0 226.0 -0.36 0.33 -0.03 
5.1 2.6 0.7060807506230213 6.694191559500712 -10.6900673301481 25.0 435.0 225.0 -0.63 0.65 -0.01 
5.1 2.6 0.7054859558728077 6.4326994846507235 -10.390345994636103 25.0 439.0 223.0 -0.73 0.81 -0.02 
5.1 2.6 0.7122317115452627 5.979446557021036 -9.846407187880493 25.0 460.0 221.0 -0.81 0.92 0.0 
5.1 2.6 0.7127767960217335 5.674372486302241 -9.468980219850348 25.0 477.0 220.0 -0.78 0.91 0.0 
5.1 2.6 0.7145666638996937 5.229836048380041 -8.925041352828748 25.0 496.0 219.0 -0.74 0.89 -0.01 
5.1 2.6 0.7137362519886831 4.9421948553658 -8.56981596004787 25.0 529.0 218.0 -0.71 0.85 0.0 
5.1 2.6 0.7168330709126336 4.506374936821998 -8.070280253050587 25.0 552.0 217.0 -0.7 0.84 -0.01 
5.1 2.6 0.7164206663754324 4.218733813374161 -7.7372564254057234 25.0 583.0 216.0 -0.71 0.86 -0.01 
5.1 2.6 0.7185946265843252 3.931092704415835 -7.393131778934967 25.0 602.0 214.0 -0.7 0.88 0.0 
5.1 2.6 0.719599143662725 3.4865564927852626 -6.860293595868243 25.0 631.0 212.0 -0.74 0.88 0.0 
5.1 2.6 0.7204165617611747 3.1814826601411674 -6.516168923145193 25.0 651.0 211.0 -0.77 0.91 0.0 
5.1 2.6 0.7266115109112602 2.7718121266241016 -6.049935472462168 25.0 680.0 207.0 -0.43 0.53 -0.04 
5.1 2.6 0.7235567132618763 2.641066226919834 -5.905625127017588 25.0 699.0 207.0 -0.18 0.23 -0.03 
5.1 2.6 0.7258507768299918 2.5539023098071283 -5.850121162205742 25.0 722.0 204.0 0.0 0.07 -0.02 
5.1 2.6 0.7288717786457877 2.57133511033675 -5.894524368181643 25.0 738.0 204.0 0.17 -0.14 0.0 
5.1 2.6 0.7297818223622183 2.763095784767576 -6.138741915998219 25.0 744.0 201.0 0.54 -0.57 -0.02 
5.1 2.6 0.7301638285305839 5.456463161571989 -9.890811194917848 25.0 615.0 204.0 0.33 -0.65 -0.01 
5.1 2.6 0.7288127700474598 5.604642088640549 -10.168331135417922 25.0 573.0 204.0 0.0 -0.33 0.0 
5.1 2.6 0.7237056056645252 5.5959257180811735 -10.212734329609145 25.0 547.0 205.0 -0.26 0.0 0.0 
5.1 2.6 0.7221543947842457 5.39544849333517 -10.024020849227677 25.0 537.0 205.0 -0.53 0.33 0.04 
5.1 2.6 0.7276561419155936 5.255986065093241 -9.87971051105373 25.0 536.0 204.0 -0.33 0.17 -0.05 
5.1 2.6 0.7217245856907705 5.1862548640507775 -9.813105759026026 25.0 543.0 204.0 -0.19 0.06 -0.02 
5.1 2.6 0.7169673005726678 5.099090861204831 -9.735400200855395 25.0 566.0 201.0 -0.18 0.09 -0.02 
5.1 2.6 0.7278396646168569 4.977061285063967 -9.646593884034862 25.0 568.0 200.0 -0.22 0.17 -0.02 
5.1 2.6 0.728550807633672 4.881180891330934 -9.557787542226182 25.0 574.0 200.0 -0.26 0.26 0.0 
5.1 2.6 0.7276792685177667 4.680703679508778 -9.335771638279176 25.0 578.0 198.0 -0.38 0.42 0.02 
5.1 2.6 0.6899956027653554 10.084861793406601 -4.418112125070155 25.0 476.0 69.0 7.94 6.77 -0.11 
5.1 2.6 0.6780392090466358 17.83371677491789 2.16467589705734 25.0 530.0 451.0 7.43 6.27 -0.1 
5.1 2.6 0.675670758881841 2.527755562546295 -11.844555583919073 25.0 437.0 303.0 -7.4 -6.42 -0.02 
5.1 2.6 0.6816514889386038 10.224328709610573 -6.971296960674844 25.0 418.0 500.0 -7.17 -6.3 -0.06 
5.1 2.6 0.6728487769749504 5.805120607240856 -10.88988471435233 25.0 365.0 348.0 -7.61 -6.7 -0.03 
5.1 2.6 0.6709440509465078 2.719516949900033 -13.63178473656156 25.0 306.0 173.0 -7.85 -6.88 0.0 
5.1 2.6 0.6500796238568168 22.244219148211588 -1.3098637638029174 25.0 218.0 200.0 9.28 7.56 -0.09 
5.1 2.6 0.6478928486492975 25.870226505335783 1.642960470807305 25.0 297.0 433.0 8.84 7.2 -0.1 
5.1 2.6 0.6282539526608331 6.092760874531626 -9.036051413280475 25.0 409.0 339.0 -9.41 -7.03 0.03 
5.1 2.6 0.6322742263462883 0.31379044142779766 -13.409770557676387 25.0 347.0 132.0 -9.83 -7.44 -0.06 
5.1 2.6 0.6442318121579031 23.978755339546712 5.772452110083622 25.0 493.0 187.0 11.76 9.4 -0.24 
5.1 2.6 0.6114871660855153 28.42409650812184 9.302521543643266 25.0 568.0 449.0 10.31 8.18 -0.21 
5.1 2.6 0.630560473599706 6.702902223982404 -1.5430088116791585 25.0 723.0 515.0 -10.06 -6.95 -0.06 
5.1 2.6 0.6335954825070242 2.6236337254422213 -4.3959176458176445 25.0 702.0 327.0 -10.3 -7.28 -0.03 
5.1 2.6 0.6337388912823536 -3.6608864994963244 -8.947246902882968 25.0 667.0 116.0 -10.66 -7.83 -0.04 
5.1 2.6 0.644692496457372 24.47557954149169 8.814072938013174 25.0 675.0 185.0 11.83 8.36 -0.12 
5.1 2.6 0.6375330249455313 29.095246657892403 12.088824765500428 25.0 712.0 412.0 11.29 7.99 -0.08 
5.1 2.6 0.6269442598011831 6.7290544777992825 -4.362613210576315 25.0 670.0 463.0 -9.98 -7.68 -0.12 
5.1 2.6 0.622237281003271 -3.4342620079468724 -12.288590248398126 25.0 589.0 34.0 -10.34 -8.08 -0.14 
5.1 2.6 0.6496091047909597 30.812379360278314 10.190594354753532 25.0 624.0 247.0 12.16 9.18 -0.18 
5.1 2.6 0.6253428618100029 5.273418960328622 -7.1489162400552875 25.0 664.0 378.0 -10.66 -8.36 -0.13 
5.1 2.6 0.6336024562504631 7.461230764836553 -4.062890661239921 25.0 840.0 474.0 -9.98 -7.92 0.03 
5.1 2.6 0.6294889012959342 1.3684742709402775 -8.913945461859623 25.0 828.0 277.0 -10.42 -8.23 0.01 
5.1 2.6 0.6300136009838919 28.023145774825746 10.390400966845913 25.0 764.0 172.0 9.45 7.47 -0.11 
5.1 2.6 0.6267835060742238 -1.2464450674492156 -11.278416529813166 25.0 1083.0 123.0 -10.5 -8.33 0.0 
5.1 2.6 0.6345281163838248 9.152206691027319 -1.3542926937853237 25.0 1242.0 624.0 -10.02 -7.93 -0.02 
5.1 2.6 0.6333545009281973 4.968342956870924 -4.684537270169549 25.0 1290.0 438.0 -10.37 -8.2 0.01 
5.1 2.6 0.6269544521954399 -1.4207726944099672 -9.768706606519745 25.0 1346.0 239.0 -10.91 -8.65 0.09 
5.1 2.6 0.6376713673260551 6.380397730647337 -4.395915144739732 25.0 1326.0 490.0 -9.83 -8.71 0.02 
5.1 2.6 0.6340590278294425 2.3621428577124615 -7.948174127099324 25.0 1356.0 266.0 -10.21 -8.9 0.05 
5.1 2.6 0.6447822610524041 8.289294304055149 -13.554071232629965 25.0 213.0 386.0 -7.11 -5.32 0.12 
5.1 2.6 0.6459998647358756 3.887515094805017 -16.862112940287094 25.0 182.0 230.0 -7.52 -5.72 0.09 
5.1 2.6 0.6657267967846728 13.397087867803467 -4.984247106901859 25.0 329.0 60.0 7.01 5.65 -0.09 
5.1 2.6 0.6745848218586782 6.101477370794463 -11.933356856203373 25.0 366.0 351.0 -8.42 -7.04 -0.09 
5.1 2.6 0.673045293488775 2.728233056861841 -14.797365193683811 25.0 296.0 157.0 -8.62 -7.21 -0.06 
5.1 2.6 0.679025606313024 20.413772248311243 -1.9204120641644808 25.0 301.0 225.0 7.76 6.31 -0.05 
5.1 2.6 0.6739865104344229 23.080988288755705 -2.841771035171108 25.0 211.0 151.0 8.16 6.41 -0.12 
5.1 2.6 0.6588152805950976 9.091196961608153 -7.937066506292267 25.0 450.0 450.0 -10.3 -7.44 0.0 
5.1 2.6 0.6597684780743459 23.98746903603027 5.694745838030907 25.0 555.0 211.0 8.94 7.28 -0.1 
5.1 2.6 0.6521168510105948 27.48272675086524 8.547662570905413 25.0 618.0 388.0 8.6 7.0 -0.12 
5.1 2.6 0.6530870954182483 10.172029933223447 -8.003670215932853 25.0 507.0 507.0 -9.85 -9.22 0.04 
5.1 2.6 -1.0044395168635507 5.883553938489831 0.832561521974071 25.0 919.0 41.0 9.56 -14.01 -0.09 
5.1 2.6 -0.9891285141322279 9.788497269937446 -4.83993901512587 25.0 934.0 328.0 9.91 -14.36 -0.15 
5.1 2.6 -1.0007955273005626 13.867774342832933 -10.745553867666336 25.0 954.0 626.0 9.94 -14.46 -0.39 
5.1 2.6 -1.0318042476985119 11.889144016604208 -1.0767683176806278 25.0 1094.0 264.0 8.18 -13.09 -0.12 
5.5 -12 0.42695887486008177 8.602578001315766 -2.519874826356019 25 1211.0 94.0 13.34 6.73 -0.1
5.5 -12 0.42456896702316804 14.006421693996455 0.21092726461129732 25 0.0 363.0 13.23 6.62 0.02
5.5 -12 0.42283840576675935 16.629899289137363 1.5319263631751745 25 535.0 293.0 13.22 6.6 -0.04
5.5 -12 0.422271684804235 19.262091898264682 2.86402713446214 25 1262.0 754.0 13.24 6.68 -0.14
5.5 -12 0.4204700748112539 24.543906488554693 5.517130596290483 25 1284.0 1011.0 13.26 6.63 -0.06
5.5 -12 0.40828581253555796 7.269047100055136 -2.9195042268122116 25 1240.0 113.0 13.31 6.56 -0.09
5.5 -12 0.4060804406788683 12.577016228156225 -0.2997114324818605 25 1257.0 384.0 13.39 6.55 -0.12
5.5 -12 0.3989712754872182 17.884981896704428 2.3200848914281544 25 1284.0 782.0 13.38 6.53 0.01
5.5 -12 0.3989712754872182 17.884981896704428 2.3200848914281544 25 537.0 288.0 13.38 6.53 0.01
5.5 -12 0.398489908376012 23.323681882766266 5.0064898273416665 25 1304.0 1052.0 13.42 6.59 0.04
5.5 -12 0.4281955520298819 11.661847278062583 -0.3330151414336346 25 1261.0 290.0 13.93 6.97 0.01
5.5 -12 0.42831523815659084 22.713567727290695 5.20630174090417 25 1281.0 991.0 13.59 6.74 0.09
9.0 8.0 0.4204700748112539 24.543906488554693 5.517130596290483 25.0 565.0 559.0 13.26 6.63 -0.06 
9.0 8.0 0.4176297942784168 29.9738870655115 8.236842842447663 25.0 592.0 816.0 13.3 6.54 -0.06 
9.0 8.0 0.398489908376012 23.323681882766266 5.0064898273416665 25.0 558.0 559.0 13.42 6.59 0.04 
9.0 8.0 0.42831523815659084 22.713567727290695 5.20630174090417 25.0 566.0 489.0 13.59 6.74 0.09 
9.0 8.0 0.4284454147007803 28.091252729303964 7.870507934621797 25.0 580.0 767.0 13.52 6.69 0.06 
9.0 8.0 0.42916794220474747 33.590955893081066 10.601322946927501 25.0 591.0 1039.0 13.52 6.67 0.04 
5.7 -8.6 0.4715421954777576 10.703112080456794 1.3432037312110967 25.0 1194.0 246.0 13.22 6.82 -0.03 
5.7 -8.6 0.47517474094894957 16.045946881581482 4.040706631169401 25.0 1204.0 509.0 13.21 6.79 -0.03 
5.7 -8.6 0.47628207603958655 21.51080033376716 6.804818247867446 25.0 1223.0 902.0 13.2 6.79 0.01 
29.8 -2.5 0.48167903820541924 26.83619628308033 9.502328400009596 25 1419.0 115.0 13.13 6.8 -0.04
29.8 -2.5 0.4800878326084951 37.57413603117353 14.919561374098752 25 1434.0 631.0 13.08 6.76 0.0
27.9 -6 0.4225219051030018 24.439314419574412 5.938960260532666 25 1427.0 148.0 13.31 6.6 0.0
27.9 -6 0.4274919788029533 29.869294732019373 8.658672422252472 25 1437.0 406.0 13.32 6.64 -0.1
27.9 -6 0.42099125782516994 35.18596548327288 11.30068227664836 25 1451.0 662.0 13.35 6.58 -0.05
27.9 -6 0.44455750385788473 26.862320342396064 7.259961298467991 25 1443.0 110.0 13.52 6.88 -0.06
27.9 -6 0.4480222026493885 32.27486657230619 10.001876336267154 25 1450.0 386.0 13.58 6.9 -0.14
27.9 -6 0.44782979885605373 35.10751813185318 11.433890134674382 25 1459.0 650.0 13.57 6.89 -0.16
5.7 -8.6 0.42585904995468643 9.81409002641652 1.209992827518062 25.0 1203.0 140.0 13.51 6.9 -0.03 
5.7 -8.6 0.42486961285141495 15.200503714166345 3.9296963766134505 25.0 1224.0 420.0 13.39 6.81 -0.04 
5.7 -8.6 0.42320235172775805 20.682788537678004 6.671605446344712 25.0 1252.0 824.0 13.35 6.7 -0.01 
5.7 -8.6 0.4592284719136098 10.729259044916144 1.1655908918115556 25.0 1200.0 195.0 13.45 6.83 -0.04 
5.7 -8.6 0.4548552791264391 16.063377791436555 3.8852952045072096 25.0 1205.0 473.0 13.37 6.75 0.0 
5.7 -8.6 0.45390565792587806 21.502083491031154 6.649406619333906 25.0 1215.0 876.0 13.33 6.72 -0.11 
5.7 -8.6 0.4219316999104359 9.970976781648446 0.3219292920005848 25.0 1182.0 239.0 13.43 6.74 -0.02 
5.7 -8.6 0.41961534420517466 15.2963797730963 2.986128761519708 25.0 1201.0 505.0 13.36 6.69 0.01 
5.7 -8.6 0.41469831863907375 20.743801405820577 5.716936878196607 25.0 1230.0 909.0 13.37 6.71 0.0 
5.7 -8.6 0.4610505859043936 9.099388923870434 0.5661458496409654 25.0 1206.0 261.0 13.3 6.78 0.0 
5.7 -8.6 0.4665728370335436 17.20515774432883 4.662353550933053 25.0 1218.0 651.0 13.35 6.72 0.05 
5.7 -8.6 0.45940287510422245 22.539272229387105 7.326558310994008 25.0 1227.0 910.0 13.36 6.68 -0.01 
9.46 11.46 0.4232241670277453 18.00701562727864 5.3395033709060495 25.0 515.0 332.0 13.38 6.74 -0.06 
9.46 11.46 0.4228373328831529 26.016899828748905 9.324711387772357 25.0 538.0 607.0 13.33 6.72 0.0 
9.46 11.46 0.45390565792587806 21.502083491031154 6.649406619333906 25.0 492.0 352.0 13.33 6.72 -0.11 
9.46 11.46 0.45619340340164705 26.818763458720028 9.346916608185209 25.0 506.0 631.0 13.34 6.75 -0.09 
9.46 11.46 0.41469831863907375 20.743801405820577 5.716936878196607 25.0 484.0 415.0 13.37 6.71 0.0 
9.46 11.46 0.41554887692001863 26.07791310961255 8.403345181194723 25.0 505.0 685.0 13.4 6.73 -0.04 
9.46 11.46 0.4618578712132314 19.872215456626197 5.9944554914721735 25.0 522.0 401.0 13.36 6.7 0.06 
9.46 11.46 0.45823009411362214 27.873383184940906 9.990766647923037 25.0 533.0 667.0 13.34 6.69 0.02 
29.8 -2.5 0.45619340340164705 26.818763458720028 9.346916608185209 25.0 1425.0 73.0 13.34 6.75 -0.09 
29.8 -2.5 0.45591159264114905 37.530555191897925 14.741947485473263 25.0 1434.0 606.0 13.33 6.66 -0.02 
29.8 -2.5 0.41554887692001863 26.07791310961255 8.403345181194723 25.0 1396.0 93.0 13.4 6.73 -0.04 
29.8 -2.5 0.41180200974014797 36.894295850893805 13.853878956010337 25.0 1431.0 619.0 13.43 6.75 0.0 
29.8 -2.5 0.45823009411362214 27.873383184940906 9.990766647923037 25.0 1428.0 121.0 13.34 6.69 0.02 
29.8 -2.5 0.465792373814855 38.628752697709636 15.374698345102288 25.0 1438.0 640.0 13.32 6.67 0.0 
5.7 -8.6 0.4455607692387443 6.920417373024952 -0.8103552055672405 25.0 1192.0 15.0 13.18 6.61 0.03 
5.7 -8.6 0.44405539433029695 12.176095337964426 1.8205399582224178 25.0 1201.0 281.0 13.2 6.61 0.02 
5.7 -8.6 0.4463225165989735 17.440485551981503 4.45143850097812 25.0 1214.0 673.0 13.27 6.69 0.0 
5.7 -8.6 0.4452807466175893 22.870473735205763 7.171147299493385 25.0 1223.0 936.0 13.38 6.64 0.02 
5.7 -8.6 0.4475103179600577 6.955280215318849 -0.7104479348432774 25.0 1184.0 114.0 13.49 6.71 0.0 
5.7 -8.6 0.44243128696945666 12.437571059606713 2.02035460921862 25.0 1210.0 386.0 13.4 6.62 -0.04 
5.7 -8.6 0.4374666968968251 17.77168858050672 4.673455139013041 25.0 1244.0 789.0 13.4 6.61 -0.05 
5.7 -8.6 0.4340998689320424 9.692066362522182 1.0323797801432026 25.0 1218.0 203.0 13.42 6.64 -0.01 
5.7 -8.6 0.43310625950363696 15.008752542183412 3.674377160785533 25.0 1234.0 477.0 13.4 6.63 -0.08 
5.7 -8.6 0.43248792091873683 20.334151126878364 6.3274789212696145 25.0 1257.0 873.0 13.41 6.67 -0.04 
9.46 11.46 0.44502933422592655 20.21213323301301 5.850145370673016 25.0 504.0 420.0 13.33 6.64 0.0 
9.46 11.46 0.4453963796284536 28.187152141658363 9.824254621091363 25.0 514.0 689.0 13.36 6.66 0.0 
9.46 11.46 0.4374666968968251 17.77168858050672 4.673455139013041 25.0 499.0 302.0 13.4 6.61 -0.05 
9.46 11.46 0.4362248937275749 23.219109205054234 7.370962891008606 25.0 523.0 570.0 13.35 6.57 -0.06 
9.46 11.46 0.43248792091873683 20.334151126878364 6.3274789212696145 25.0 513.0 384.0 13.41 6.67 -0.04 
9.46 11.46 0.43123026291397604 25.799000043299344 9.047189465058445 25.0 535.0 653.0 13.42 6.65 -0.03 
29.8 -2.5 0.4453963796284536 28.187152141658363 9.824254621091363 25.0 1416.0 132.0 13.36 6.66 0.0 
29.8 -2.5 0.4472696344044545 38.98609960056485 15.252589521305474 25.0 1433.0 652.0 13.39 6.73 0.11 
29.8 -2.5 0.43123026291397604 25.799000043299344 9.047189465058445 25.0 1435.0 50.0 13.42 6.65 -0.03 
29.8 -2.5 0.4307148019459584 36.606665503819855 14.408915902472213 25.0 1458.0 585.0 13.45 6.61 -0.08 
5.7 -8.6 0.4529819051411488 10.485212837894226 1.02128005704909 25.0 1207.0 237.0 13.39 6.65 0.06 
5.7 -8.6 0.4451270858433585 15.95006906136335 3.7187824200221713 25.0 1214.0 503.0 13.47 6.61 -0.05 
5.7 -8.6 0.4379703561451771 21.31033121635609 6.349683478708289 25.0 1227.0 902.0 13.46 6.57 0.0 
5.7 -8.6 0.4595984975483757 11.46139173466917 1.1766925018402794 25.0 1189.0 211.0 13.42 6.7 -0.12 
5.7 -8.6 0.4551803628590446 14.119735076536509 2.508792198913651 25.0 1197.0 481.0 13.37 6.68 -0.02 
5.7 -8.6 0.4518851796772818 22.19063421257645 6.516197625359597 25.0 1209.0 881.0 13.28 6.59 0.13 
5.7 -8.6 0.436572388806615 8.044768722621559 -0.8658582893204093 25.0 1116.0 105.0 13.48 6.83 0.0 
5.7 -8.6 0.43260343472031176 10.720546018569962 0.48844233966651385 25.0 1139.0 368.0 13.41 6.75 -0.05 
5.7 -8.6 0.42595262924698407 16.054666350892404 3.152643141938934 25.0 1170.0 765.0 13.36 6.66 -0.01 
5.7 -8.6 0.4403433362629751 5.447432073156947 -2.0092422327601027 25.0 1154.0 91.0 13.31 6.75 -0.02 
5.7 -8.6 0.44874234596756507 10.764122242058722 0.677155796364134 25.0 1174.0 353.0 13.28 6.75 -0.03 
5.7 -8.6 0.44057007233170065 16.054661442306422 3.3302549854869548 25.0 1202.0 750.0 13.25 6.73 0.0 
9.46 11.46 0.4379703561451771 21.31033121635609 6.349683478708289 25.0 511.0 384.0 13.46 6.57 0.0 
9.46 11.46 0.43904824654129543 26.67930579231026 8.991688998546673 25.0 519.0 654.0 13.55 6.68 -0.17 
9.46 11.46 0.4533334533360342 19.5497254401824 5.206296914934515 25.0 484.0 363.0 13.28 6.55 0.14 
9.46 11.46 0.452917651334081 24.822826165649083 7.8260991508867646 25.0 496.0 636.0 13.28 6.6 0.09 
9.46 11.46 0.4237911264088492 18.843747495347586 4.540249189487778 25.0 456.0 265.0 13.31 6.6 -0.03 
9.46 11.46 0.41844518581894413 21.49337371941217 5.850150249671151 25.0 472.0 531.0 13.26 6.56 -0.01 
9.46 11.46 0.4401454488423206 21.49336701894763 6.0721645122887695 25.0 491.0 507.0 13.23 6.73 -0.05 
29.8 -2.5 0.43904824654129543 26.67930579231026 8.991688998546673 25.0 1425.0 101.0 13.55 6.68 -0.17 
29.8 -2.5 0.45531936089066044 37.61771034164902 14.431123604339446 25.0 1432.0 625.0 13.62 6.83 -0.15 
29.8 -2.5 0.4525433341648915 27.463733087451253 9.136001552884956 25.0 1409.0 79.0 13.28 6.57 0.11 
29.8 -2.5 0.44808288017777 38.158089687974666 14.431124331533566 25.0 1419.0 605.0 13.37 6.63 -0.06 
29.8 -2.5 0.4296026984837394 40.04944914871874 15.119389899250988 25.0 1409.0 740.0 13.21 6.69 0.02 
29.8 -2.5 0.4442872563984733 40.1714571846972 15.463510487271831 25.0 1440.0 729.0 13.26 6.79 0.0 
8.05 11.29 0.48339636723068735 15.775747800092905 0.7437684293573191 25 363.0 56.0 13.32 6.7 -0.07
8.05 11.29 0.48297412792709826 21.118576811414567 3.4079702004596757 25 378.0 450.0 13.36 6.75 -0.1
8.05 11.29 0.4838307658818101 26.452686292010036 6.083276280067931 25 390.0 716.0 13.4 6.72 -0.08
8.05 11.29 0.46833284298447164 17.62351443158177 1.8427506422940445 25 366.0 85.0 13.35 6.69 -0.12
8.05 11.29 0.4681684533741813 22.975058614438648 4.540256365283741 25 388.0 489.0 13.34 6.72 -0.1
8.05 11.29 0.47187514702347316 28.274304013810873 7.182261511820084 25 403.0 756.0 13.33 6.66 -0.14
8.05 11.29 0.46248610416916397 18.172614874309343 1.8760542318612248 25 370.0 116.0 13.43 6.64 -0.01
8.05 11.29 0.4647436896946766 23.567738379024842 4.551358873948973 25 385.0 522.0 13.42 6.72 -0.19
8.05 11.29 -2.650773274894578 11.75773915496217 -2.575376384215641 25 1551.0 210.0 -13.44 -6.64 -0.12