29.3 -6 0.4013276855137688 26.461366590742713 13.96483606059962 25 1806.0 185.0 12.06 5.29 -0.23
29.3 -6 0.40417285362747707 31.27251748079445 16.051802484802625 25 1794.0 435.0 11.4 4.92 -0.2
29.3 -6 0.40476103226212057 35.700169475604575 17.9722585933822 25 1777.0 680.0 10.64 4.6 -0.07
29.3 -6 0.4037485877659656 37.78325724373404 18.8714326869386 25 1762.0 898.0 10.17 4.34 0.0
29.3 -6 3.0102349082615714 20.761195805442554 12.266398920541334 25 306.0 662.0 -13.36 1.88 0.09
29.3 -6 3.0069604674961905 15.2440502621248 13.021240077422538 25 286.0 889.0 -13.75 1.9 0.1
29.3 -6 0.4018123904850819 27.864612177201035 15.452344575413882 25 1815.0 268.0 12.94 6.15 -0.11
29.3 -6 0.40212400356796807 33.059256381849046 17.916739373769268 25 1803.0 520.0 13.08 6.15 0.05
29.3 -6 0.39953072468308015 38.29747629496407 20.38113754787921 25 1791.0 765.0 13.28 6.22 0.04
29.3 -6 0.3821640769627433 41.086543943700434 21.657741913085037 25 1776.0 1007.0 13.39 5.85 0.0
29.3 -6 2.975525097050939 17.98084767536979 6.493982013160267 25 553.0 729.0 -13.86 2.35 0.13
29.3 -6 2.9725262681629996 12.393971033866702 7.382034490661325 25 540.0 962.0 -14.19 2.35 0.08
29.3 -6 0.33958561817673233 23.846610787424517 11.600358197096782 25 1714.0 83.0 13.63 5.65 0.01
29.3 -6 0.33693333069351716 32.03079532047308 15.030529853771268 25 1713.0 349.0 13.78 5.73 0.07
29.3 -6 0.33697243134048993 34.92445626691898 16.22942686489834 25 1710.0 605.0 13.88 5.68 0.02
29.3 -6 0.3145112554219105 40.4503008675632 18.438509379966597 25 1704.0 860.0 14.04 5.22 -0.07
29.3 -6 2.792392567792211 22.71356903974473 5.061991700639574 25 663.0 584.0 -13.08 4.63 0.11
29.3 -6 2.797002867856298 17.423029276571896 6.860306171379568 25 653.0 809.0 -13.45 4.72 0.13
29.3 -6 2.7995277206089835 12.001753666721903 8.691926221906291 25 645.0 1044.0 -13.78 4.79 0.12
29.3 -6 0.43376048008469137 22.04242022015785 14.10913143270079 25 1833.0 132.0 13.25 7.22 0.05
29.3 -6 0.4312079707768304 27.48982485177238 17.106360902034428 25 1833.0 397.0 13.41 7.28 0.02
29.3 -6 0.42670519749191804 32.841351300321385 20.025888188844526 25 1837.0 658.0 13.61 7.26 0.02
29.3 -6 0.3525000373509267 38.271318001569725 22.734504743349753 25 1836.0 922.0 13.89 6.21 -0.22
29.3 -6 3.1150134364750723 18.46893067172908 8.858451060062844 25 385.0 652.0 -13.7 0.25 0.15
29.3 -6 3.108991221585546 12.97793175806873 8.936145773557051 25 373.0 876.0 -14.1 0.27 0.11
29.3 -6 0.5274469415333609 23.88146048970404 14.264543783508751 25 1819.0 258.0 12.17 7.88 0.03
29.3 -6 0.5275055925038196 28.74489966258963 17.42828329168759 25 1821.0 523.0 12.31 7.95 0.03
29.3 -6 0.5212809602406364 33.80879906837943 20.714135201618998 25 1822.0 787.0 12.46 8.0 0.06
29.3 -6 0.5218727151539662 38.785536255133316 23.92228445219079 25 1822.0 1047.0 12.53 8.09 -0.11
