9 8 0.39794702927139813 9.055792540401676 6.360757124597157 25 900.0 76.0 12.06 5.37 0.03
9 8 0.39697678486374405 14.076131627706188 8.569821272919691 25 904.0 304.0 12.38 5.45 0.04
9 8 0.3983754674580432 24.029643091269982 12.899152485820247 25 910.0 761.0 12.35 5.41 -0.18
9 8 0.40461237827805085 28.95410074091637 15.05272233943859 25 910.0 988.0 11.73 5.12 -0.18
9 8 2.9995218078282213 -2.039512110925068 15.341290571950148 25 744.0 676.0 -14.74 1.98 0.03
9 8 0.4127080003407336 10.058116568868261 6.760386099172745 25 890.0 69.0 12.43 6.11 0.14
9 8 0.4084478179600577 15.034874776650696 9.202567073133109 25 898.0 319.0 12.55 6.11 0.13
9 8 0.41079969803360494 20.063924948413703 11.666952784802902 25 904.0 563.0 12.63 6.14 0.13
9 8 0.4102174798634389 25.162698914349647 14.142442687870524 25 905.0 802.0 12.77 6.14 0.04
9 8 0.40212400356796807 33.059256381849046 17.916739373769268 25 906.0 1038.0 13.08 6.15 0.05
9 8 2.962201074757848 -5.212090052493136 10.068417448053093 25 983.0 759.0 -14.95 2.41 -0.02
9 8 2.95877726475266 -11.330629333569586 11.000890164383089 25 979.0 1022.0 -15.12 2.45 0.0
9 8 0.34223349491623417 12.951785310621757 7.04901053578542 25 844.0 201.0 13.35 5.5 -0.01
9 8 0.34321422974136834 18.434063131463706 9.335783413610855 25 855.0 451.0 13.49 5.56 0.05
9 8 0.33958561817673233 23.846610787424517 11.600358197096782 25 863.0 699.0 13.63 5.65 0.01
9 8 0.340753630795751 29.2940188095457 13.876037571209226 25 868.0 944.0 13.75 5.7 0.04
9 8 2.8071237365391593 -5.142359762561552 14.331118814239703 25 920.0 780.0 -14.57 4.45 0.0
9 8 0.4400261203434806 11.531096842767205 8.292296865265916 25 897.0 157.0 12.94 7.09 0.1
9 8 0.43756993214157636 16.804192176456564 11.211813251408303 25 914.0 414.0 13.06 7.16 0.09
9 8 0.43376048008469137 22.04242022015785 14.10913143270079 25 927.0 667.0 13.25 7.22 0.05
9 8 0.4312079707768304 27.48982485177238 17.106360902034428 25 939.0 920.0 13.41 7.28 0.02
9 8 3.10923154751328 -4.418946428172758 9.135950677750698 25 933.0 722.0 -14.91 0.24 0.11
9 8 3.1114557544377184 -10.485192300586165 9.191460231922413 25 930.0 977.0 -15.1 0.22 0.08
9 8 0.5286714593556265 14.215581464504401 7.9814768140400645 25 817.0 255.0 11.88 7.73 0.06
9 8 0.5274469415333609 23.88146048970404 14.264543783508751 25 854.0 755.0 12.17 7.88 0.03
9 8 0.5275055925038196 28.74489966258963 17.42828329168759 25 869.0 1005.0 12.31 7.95 0.03
