5.5 -12 0.39697678486374405 14.076131627706188 8.569821272919691 25 1602.0 784.0 12.38 5.45 0.04
5.5 -12 0.39645572105911764 19.061604482345867 10.734485296723312 25 1599.0 1002.0 12.56 5.51 -0.02
5.5 -12 3.006861881413732 9.674610683284003 13.776084989224296 25 756.0 208.0 -14.11 1.94 0.04
5.5 -12 0.4084478179600577 15.034874776650696 9.202567073133109 25 1579.0 818.0 12.55 6.11 0.13
5.5 -12 0.41387041012314363 22.608954374915957 12.910247708552847 25 1578.0 1055.0 12.7 6.13 0.08
5.5 -12 2.9725262681629996 12.393971033866702 7.382034490661325 25 997.0 31.0 -14.19 2.35 0.08
5.5 -12 2.9702072898533682 0.6972696494148622 9.169251850579592 25 165.0 466.0 -14.77 2.36 0.01
5.5 -12 2.9702072898533682 0.6972696494148622 9.169251850579592 25 985.0 505.0 -14.77 2.36 0.01
5.5 -12 2.962201074757848 -5.212090052493136 10.068417448053093 25 150.0 712.0 -14.95 2.41 -0.02
5.5 -12 2.95877726475266 -11.330629333569586 11.000890164383089 25 136.0 966.0 -15.12 2.45 0.0
5.5 -12 0.34223349491623417 12.951785310621757 7.04901053578542 25 1567.0 648.0 13.35 5.5 -0.01
5.5 -12 0.34321422974136834 18.434063131463706 9.335783413610855 25 1569.0 884.0 13.49 5.56 0.05
9 8 0.39794702927139813 9.055792540401676 6.360757124597157 25 900.0 76.0 12.06 5.37 0.03
9 8 0.39697678486374405 14.076131627706188 8.569821272919691 25 904.0 304.0 12.38 5.45 0.04
9 8 0.3983754674580432 24.029643091269982 12.899152485820247 25 910.0 761.0 12.35 5.41 -0.18
9 8 0.40461237827805085 28.95410074091637 15.05272233943859 25 910.0 988.0 11.73 5.12 -0.18
9 8 2.9995218078282213 -2.039512110925068 15.341290571950148 25 744.0 676.0 -14.74 1.98 0.03
9 8 0.4127080003407336 10.058116568868261 6.760386099172745 25 890.0 69.0 12.43 6.11 0.14
9 8 0.4084478179600577 15.034874776650696 9.202567073133109 25 898.0 319.0 12.55 6.11 0.13
9 8 0.41079969803360494 20.063924948413703 11.666952784802902 25 904.0 563.0 12.63 6.14 0.13
9 8 0.4102174798634389 25.162698914349647 14.142442687870524 25 905.0 802.0 12.77 6.14 0.04
9 8 0.40212400356796807 33.059256381849046 17.916739373769268 25 906.0 1038.0 13.08 6.15 0.05
9 8 2.962201074757848 -5.212090052493136 10.068417448053093 25 983.0 759.0 -14.95 2.41 -0.02
9 8 2.95877726475266 -11.330629333569586 11.000890164383089 25 979.0 1022.0 -15.12 2.45 0.0
9 8 0.34223349491623417 12.951785310621757 7.04901053578542 25 844.0 201.0 13.35 5.5 -0.01
29.3 -6 0.4013276855137688 26.461366590742713 13.96483606059962 25 1806.0 185.0 12.06 5.29 -0.23
29.3 -6 0.40417285362747707 31.27251748079445 16.051802484802625 25 1794.0 435.0 11.4 4.92 -0.2
29.3 -6 0.40476103226212057 35.700169475604575 17.9722585933822 25 1777.0 680.0 10.64 4.6 -0.07
29.3 -6 0.4037485877659656 37.78325724373404 18.8714326869386 25 1762.0 898.0 10.17 4.34 0.0
29.3 -6 3.0102349082615714 20.761195805442554 12.266398920541334 25 306.0 662.0 -13.36 1.88 0.09
29.3 -6 3.0069604674961905 15.2440502621248 13.021240077422538 25 286.0 889.0 -13.75 1.9 0.1
29.3 -6 0.4018123904850819 27.864612177201035 15.452344575413882 25 1815.0 268.0 12.94 6.15 -0.11
29.3 -6 0.40212400356796807 33.059256381849046 17.916739373769268 25 1803.0 520.0 13.08 6.15 0.05
29.3 -6 0.39953072468308015 38.29747629496407 20.38113754787921 25 1791.0 765.0 13.28 6.22 0.04
29.3 -6 0.3821640769627433 41.086543943700434 21.657741913085037 25 1776.0 1007.0 13.39 5.85 0.0
29.3 -6 2.975525097050939 17.98084767536979 6.493982013160267 25 553.0 729.0 -13.86 2.35 0.13
29.3 -6 2.9725262681629996 12.393971033866702 7.382034490661325 25 540.0 962.0 -14.19 2.35 0.08
29.3 -6 0.33958561817673233 23.846610787424517 11.600358197096782 25 1714.0 83.0 13.63 5.65 0.01
29.3 -6 0.33693333069351716 32.03079532047308 15.030529853771268 25 1713.0 349.0 13.78 5.73 0.07
29.3 -6 0.33697243134048993 34.92445626691898 16.22942686489834 25 1710.0 605.0 13.88 5.68 0.02
29.3 -6 0.3145112554219105 40.4503008675632 18.438509379966597 25 1704.0 860.0 14.04 5.22 -0.07
29.3 -6 2.792392567792211 22.71356903974473 5.061991700639574 25 663.0 584.0 -13.08 4.63 0.11
29.3 -6 2.797002867856298 17.423029276571896 6.860306171379568 25 653.0 809.0 -13.45 4.72 0.13
29.3 -6 2.7995277206089835 12.001753666721903 8.691926221906291 25 645.0 1044.0 -13.78 4.79 0.12
29.3 -6 0.43376048008469137 22.04242022015785 14.10913143270079 25 1833.0 132.0 13.25 7.22 0.05
29.3 -6 0.4312079707768304 27.48982485177238 17.106360902034428 25 1833.0 397.0 13.41 7.28 0.02
29.3 -6 0.42670519749191804 32.841351300321385 20.025888188844526 25 1837.0 658.0 13.61 7.26 0.02
29.3 -6 0.3525000373509267 38.271318001569725 22.734504743349753 25 1836.0 922.0 13.89 6.21 -0.22
29.3 -6 3.1150134364750723 18.46893067172908 8.858451060062844 25 385.0 652.0 -13.7 0.25 0.15
29.3 -6 3.108991221585546 12.97793175806873 8.936145773557051 25 373.0 876.0 -14.1 0.27 0.11
29.3 -6 0.5274469415333609 23.88146048970404 14.264543783508751 25 1819.0 258.0 12.17 7.88 0.03
29.3 -6 0.5275055925038196 28.74489966258963 17.42828329168759 25 1821.0 523.0 12.31 7.95 0.03
29.3 -6 0.5212809602406364 33.80879906837943 20.714135201618998 25 1822.0 787.0 12.46 8.0 0.06
29.3 -6 0.5218727151539662 38.785536255133316 23.92228445219079 25 1822.0 1047.0 12.53 8.09 -0.11
9 8 0.34321422974136834 18.434063131463706 9.335783413610855 25 855.0 451.0 13.49 5.56 0.05
9 8 0.33958561817673233 23.846610787424517 11.600358197096782 25 863.0 699.0 13.63 5.65 0.01
9 8 0.340753630795751 29.2940188095457 13.876037571209226 25 868.0 944.0 13.75 5.7 0.04
9 8 2.8071237365391593 -5.142359762561552 14.331118814239703 25 920.0 780.0 -14.57 4.45 0.0
9 8 0.4400261203434806 11.531096842767205 8.292296865265916 25 897.0 157.0 12.94 7.09 0.1
9 8 0.43756993214157636 16.804192176456564 11.211813251408303 25 914.0 414.0 13.06 7.16 0.09
9 8 0.43376048008469137 22.04242022015785 14.10913143270079 25 927.0 667.0 13.25 7.22 0.05
9 8 0.4312079707768304 27.48982485177238 17.106360902034428 25 939.0 920.0 13.41 7.28 0.02
9 8 3.10923154751328 -4.418946428172758 9.135950677750698 25 933.0 722.0 -14.91 0.24 0.11
9 8 3.1114557544377184 -10.485192300586165 9.191460231922413 25 930.0 977.0 -15.1 0.22 0.08
9 8 0.5286714593556265 14.215581464504401 7.9814768140400645 25 817.0 255.0 11.88 7.73 0.06
9 8 0.5274469415333609 23.88146048970404 14.264543783508751 25 854.0 755.0 12.17 7.88 0.03
9 8 0.5275055925038196 28.74489966258963 17.42828329168759 25 869.0 1005.0 12.31 7.95 0.03
5.5 -12 2.8018233338978624 0.7321327538962499 12.466184935166051 25 107.0 636.0 -14.27 4.87 0.1
5.5 -12 2.8071237365391593 -5.142359762561552 14.331118814239703 25 94.0 885.0 -14.57 4.45 0.0
5.5 -12 0.4400261203434806 11.531096842767205 8.292296865265916 25 1579.0 664.0 12.94 7.09 0.1
5.5 -12 0.43756993214157636 16.804192176456564 11.211813251408303 25 1588.0 911.0 13.06 7.16 0.09
5.5 -12 3.110797599950109 7.338763233684082 9.013844164004164 25 936.0 240.0 -14.43 0.25 0.11
5.5 -12 3.110047177472387 1.4294028049207002 9.069344871495929 25 933.0 473.0 -14.7 0.24 0.13
5.5 -12 0.5286714593556265 14.215581464504401 7.9814768140400645 25 1494.0 816.0 11.88 7.73 0.06
5.5 -12 0.5314825336125233 19.07902840344973 11.14521051038087 25 1506.0 1058.0 12.04 7.83 0.01
9 8 0.4279275695469716 19.140068370237824 3.296957644990065 25 570.0 378.0 13.3 6.63 -0.02
9 8 0.4225219051030018 24.439314419574412 5.938960260532666 25 586.0 642.0 13.31 6.6 0.0
9 8 0.4274919788029533 29.869294732019373 8.658672422252472 25 601.0 904.0 13.32 6.64 -0.1
9 8 0.44700785080460087 18.573535103890986 3.0416378359303393 25 547.0 318.0 13.63 7.01 0.07
9 8 0.4458726207402088 24.142972088442292 5.872353941470676 25 567.0 599.0 13.56 6.93 -0.08
9 8 0.4452851573613024 29.56423599671751 8.625367944447554 25 585.0 873.0 13.54 6.9 -0.08
9 8 0.4204700748112539 24.543906488554693 5.517130596290483 25 565.0 559.0 13.26 6.63 -0.06
9 8 0.4176297942784168 29.9738870655115 8.236842842447663 25 592.0 816.0 13.3 6.54 -0.06
9 8 0.398489908376012 23.323681882766266 5.0064898273416665 25 558.0 559.0 13.42 6.59 0.04
9 8 0.4204700748112539 24.543906488554693 5.517130596290483 25 565.0 559.0 13.26 6.63 -0.06
9 8 0.4176297942784168 29.9738870655115 8.236842842447663 25 592.0 816.0 13.3 6.54 -0.06
9 8 0.398489908376012 23.323681882766266 5.0064898273416665 25 558.0 559.0 13.42 6.59 0.04
9 8 0.4270339767124992 17.15284587961655 2.4310908941231273 25 539.0 51.0 13.75 6.88 -0.02
9 8 0.42831523815659084 22.713567727290695 5.20630174090417 25 566.0 489.0 13.59 6.74 0.09
9 8 0.4284454147007803 28.091252729303964 7.870507934621797 25 580.0 767.0 13.52 6.69 0.06
9 8 0.42916794220474747 33.590955893081066 10.601322946927501 25 591.0 1039.0 13.52 6.67 0.04
5.5 -12 0.42695887486008177 8.602578001315766 -2.519874826356019 25 1211.0 94.0 13.34 6.73 -0.1
5.5 -12 0.42456896702316804 14.006421693996455 0.21092726461129732 25 0.0 363.0 13.23 6.62 0.02
5.5 -12 0.42283840576675935 16.629899289137363 1.5319263631751745 25 535.0 293.0 13.22 6.6 -0.04
5.5 -12 0.422271684804235 19.262091898264682 2.86402713446214 25 1262.0 754.0 13.24 6.68 -0.14
5.5 -12 0.4204700748112539 24.543906488554693 5.517130596290483 25 1284.0 1011.0 13.26 6.63 -0.06
5.5 -12 0.40828581253555796 7.269047100055136 -2.9195042268122116 25 1240.0 113.0 13.31 6.56 -0.09
5.5 -12 0.4060804406788683 12.577016228156225 -0.2997114324818605 25 1257.0 384.0 13.39 6.55 -0.12
5.5 -12 0.3989712754872182 17.884981896704428 2.3200848914281544 25 1284.0 782.0 13.38 6.53 0.01
5.5 -12 0.3989712754872182 17.884981896704428 2.3200848914281544 25 537.0 288.0 13.38 6.53 0.01
5.5 -12 0.398489908376012 23.323681882766266 5.0064898273416665 25 1304.0 1052.0 13.42 6.59 0.04
5.5 -12 0.42695887486008177 8.602578001315766 -2.519874826356019 25 1211.0 94.0 13.34 6.73 -0.1
5.5 -12 0.42456896702316804 14.006421693996455 0.21092726461129732 25 0.0 363.0 13.23 6.62 0.02
5.5 -12 0.42283840576675935 16.629899289137363 1.5319263631751745 25 535.0 293.0 13.22 6.6 -0.04
5.5 -12 0.422271684804235 19.262091898264682 2.86402713446214 25 1262.0 754.0 13.24 6.68 -0.14
5.5 -12 0.4204700748112539 24.543906488554693 5.517130596290483 25 1284.0 1011.0 13.26 6.63 -0.06
5.5 -12 0.40828581253555796 7.269047100055136 -2.9195042268122116 25 1240.0 113.0 13.31 6.56 -0.09
5.5 -12 0.4060804406788683 12.577016228156225 -0.2997114324818605 25 1257.0 384.0 13.39 6.55 -0.12
5.5 -12 0.3989712754872182 17.884981896704428 2.3200848914281544 25 1284.0 782.0 13.38 6.53 0.01
5.5 -12 0.3989712754872182 17.884981896704428 2.3200848914281544 25 537.0 288.0 13.38 6.53 0.01
5.5 -12 0.398489908376012 23.323681882766266 5.0064898273416665 25 1304.0 1052.0 13.42 6.59 0.04
5.5 -12 0.4281955520298819 11.661847278062583 -0.3330151414336346 25 1261.0 290.0 13.93 6.97 0.01
5.5 -12 0.42831523815659084 22.713567727290695 5.20630174090417 25 1281.0 991.0 13.59 6.74 0.09
