5.5 -12 0.39697678486374405 14.076131627706188 8.569821272919691 25 1602.0 784.0 12.38 5.45 0.04
5.5 -12 0.39645572105911764 19.061604482345867 10.734485296723312 25 1599.0 1002.0 12.56 5.51 -0.02
5.5 -12 3.006861881413732 9.674610683284003 13.776084989224296 25 756.0 208.0 -14.11 1.94 0.04
5.5 -12 0.4084478179600577 15.034874776650696 9.202567073133109 25 1579.0 818.0 12.55 6.11 0.13
5.5 -12 0.41387041012314363 22.608954374915957 12.910247708552847 25 1578.0 1055.0 12.7 6.13 0.08
5.5 -12 2.9725262681629996 12.393971033866702 7.382034490661325 25 997.0 31.0 -14.19 2.35 0.08
5.5 -12 2.9702072898533682 0.6972696494148622 9.169251850579592 25 165.0 466.0 -14.77 2.36 0.01
5.5 -12 2.9702072898533682 0.6972696494148622 9.169251850579592 25 985.0 505.0 -14.77 2.36 0.01
5.5 -12 2.962201074757848 -5.212090052493136 10.068417448053093 25 150.0 712.0 -14.95 2.41 -0.02
5.5 -12 2.95877726475266 -11.330629333569586 11.000890164383089 25 136.0 966.0 -15.12 2.45 0.0
5.5 -12 0.34223349491623417 12.951785310621757 7.04901053578542 25 1567.0 648.0 13.35 5.5 -0.01
5.5 -12 0.34321422974136834 18.434063131463706 9.335783413610855 25 1569.0 884.0 13.49 5.56 0.05
5.5 -12 2.8018233338978624 0.7321327538962499 12.466184935166051 25 107.0 636.0 -14.27 4.87 0.1
5.5 -12 2.8071237365391593 -5.142359762561552 14.331118814239703 25 94.0 885.0 -14.57 4.45 0.0
5.5 -12 0.4400261203434806 11.531096842767205 8.292296865265916 25 1579.0 664.0 12.94 7.09 0.1
5.5 -12 0.43756993214157636 16.804192176456564 11.211813251408303 25 1588.0 911.0 13.06 7.16 0.09
5.5 -12 3.110797599950109 7.338763233684082 9.013844164004164 25 936.0 240.0 -14.43 0.25 0.11
5.5 -12 3.110047177472387 1.4294028049207002 9.069344871495929 25 933.0 473.0 -14.7 0.24 0.13
5.5 -12 0.5286714593556265 14.215581464504401 7.9814768140400645 25 1494.0 816.0 11.88 7.73 0.06
5.5 -12 0.5314825336125233 19.07902840344973 11.14521051038087 25 1506.0 1058.0 12.04 7.83 0.01
