5.5 -12 0.42695887486008177 8.602578001315766 -2.519874826356019 25 1211.0 94.0 13.34 6.73 -0.1
5.5 -12 0.42456896702316804 14.006421693996455 0.21092726461129732 25 0.0 363.0 13.23 6.62 0.02
5.5 -12 0.42283840576675935 16.629899289137363 1.5319263631751745 25 535.0 293.0 13.22 6.6 -0.04
5.5 -12 0.422271684804235 19.262091898264682 2.86402713446214 25 1262.0 754.0 13.24 6.68 -0.14
5.5 -12 0.4204700748112539 24.543906488554693 5.517130596290483 25 1284.0 1011.0 13.26 6.63 -0.06
5.5 -12 0.40828581253555796 7.269047100055136 -2.9195042268122116 25 1240.0 113.0 13.31 6.56 -0.09
5.5 -12 0.4060804406788683 12.577016228156225 -0.2997114324818605 25 1257.0 384.0 13.39 6.55 -0.12
5.5 -12 0.3989712754872182 17.884981896704428 2.3200848914281544 25 1284.0 782.0 13.38 6.53 0.01
5.5 -12 0.3989712754872182 17.884981896704428 2.3200848914281544 25 537.0 288.0 13.38 6.53 0.01
5.5 -12 0.398489908376012 23.323681882766266 5.0064898273416665 25 1304.0 1052.0 13.42 6.59 0.04
